"Time Stamp","Name","PTID","LBMP ($/MWHr)","Marginal Cost Losses ($/MWHr)","Marginal Cost Congestion ($/MWHr)"
"03/04/2017 00:05:00","CAPITL",61757,28.47,1.30,-8.10
"03/04/2017 00:05:00","CENTRL",61754,20.19,0.30,-0.80
"03/04/2017 00:05:00","DUNWOD",61760,27.04,2.00,-5.96
"03/04/2017 00:05:00","GENESE",61753,19.51,-0.21,-0.64
"03/04/2017 00:05:00","H Q",61844,18.41,-0.67,0.00
"03/04/2017 00:05:00","HUD VL",61758,27.05,2.06,-5.91
"03/04/2017 00:05:00","LONGIL",61762,27.52,2.48,-5.96
"03/04/2017 00:05:00","MHK VL",61756,20.60,0.63,-0.89
"03/04/2017 00:05:00","MILLWD",61759,27.13,2.02,-6.03
"03/04/2017 00:05:00","N.Y.C.",61761,27.25,2.21,-5.96
"03/04/2017 00:05:00","NORTH",61755,18.18,-0.90,0.00
"03/04/2017 00:05:00","NPX",61845,27.31,1.41,-6.83
"03/04/2017 00:05:00","O H",61846,19.24,-0.71,-0.87
"03/04/2017 00:05:00","PJM",61847,22.98,0.67,-3.23
"03/04/2017 00:05:00","WEST",61752,19.61,-0.31,-0.83
"03/04/2017 00:10:00","CAPITL",61757,28.15,1.04,-11.63
"03/04/2017 00:10:00","CENTRL",61754,16.82,0.19,-1.15
"03/04/2017 00:10:00","DUNWOD",61760,25.67,1.63,-8.56
"03/04/2017 00:10:00","GENESE",61753,16.17,-0.23,-0.92
"03/04/2017 00:10:00","H Q",61844,14.97,-0.51,0.00
"03/04/2017 00:10:00","HUD VL",61758,25.64,1.67,-8.49
"03/04/2017 00:10:00","LONGIL",61762,26.04,2.00,-8.56
"03/04/2017 00:10:00","MHK VL",61756,17.25,0.48,-1.28
"03/04/2017 00:10:00","MILLWD",61759,25.78,1.64,-8.65
"03/04/2017 00:10:00","N.Y.C.",61761,25.84,1.80,-8.56
"03/04/2017 00:10:00","NORTH",61755,14.79,-0.70,0.00
"03/04/2017 00:10:00","NPX",61845,26.57,1.15,-9.94
"03/04/2017 00:10:00","O H",61846,16.05,-0.68,-1.24
"03/04/2017 00:10:00","PJM",61847,20.59,0.46,-4.64
"03/04/2017 00:10:00","WEST",61752,16.31,-0.37,-1.20
"03/04/2017 00:15:00","CAPITL",61757,29.04,1.15,-11.23
"03/04/2017 00:15:00","CENTRL",61754,17.98,0.20,-1.12
"03/04/2017 00:15:00","DUNWOD",61760,26.68,1.75,-8.27
"03/04/2017 00:15:00","GENESE",61753,17.28,-0.27,-0.88
"03/04/2017 00:15:00","H Q",61844,16.09,-0.57,0.00
"03/04/2017 00:15:00","HUD VL",61758,26.66,1.80,-8.20
"03/04/2017 00:15:00","LONGIL",61762,27.08,2.15,-8.27
"03/04/2017 00:15:00","MHK VL",61756,18.46,0.53,-1.27
"03/04/2017 00:15:00","MILLWD",61759,26.78,1.77,-8.36
"03/04/2017 00:15:00","N.Y.C.",61761,26.86,1.93,-8.27
"03/04/2017 00:15:00","NORTH",61755,15.91,-0.75,0.00
"03/04/2017 00:15:00","NPX",61845,27.51,1.25,-9.60
"03/04/2017 00:15:00","O H",61846,17.13,-0.73,-1.20
"03/04/2017 00:15:00","PJM",61847,21.68,0.53,-4.48
"03/04/2017 00:15:00","WEST",61752,17.42,-0.40,-1.16
"03/04/2017 00:20:00","CAPITL",61757,25.31,1.63,0.00
"03/04/2017 00:20:00","CENTRL",61754,24.06,0.38,0.00
"03/04/2017 00:20:00","DUNWOD",61760,26.14,2.46,0.00
"03/04/2017 00:20:00","GENESE",61753,23.37,-0.31,0.00
"03/04/2017 00:20:00","H Q",61844,22.85,-0.83,0.00
"03/04/2017 00:20:00","HUD VL",61758,26.21,2.53,0.00
"03/04/2017 00:20:00","LONGIL",61762,26.71,3.03,0.00
"03/04/2017 00:20:00","MHK VL",61756,24.46,0.78,0.00
"03/04/2017 00:20:00","MILLWD",61759,26.16,2.49,0.00
"03/04/2017 00:20:00","N.Y.C.",61761,26.38,2.70,0.00
"03/04/2017 00:20:00","NORTH",61755,22.54,-1.14,0.00
"03/04/2017 00:20:00","NPX",61845,25.46,1.78,0.00
"03/04/2017 00:20:00","O H",61846,22.83,-0.85,0.00
"03/04/2017 00:20:00","PJM",61847,24.56,0.88,0.00
"03/04/2017 00:20:00","WEST",61752,23.30,-0.38,0.00
"03/04/2017 00:25:00","CAPITL",61757,25.20,1.61,0.00
"03/04/2017 00:25:00","CENTRL",61754,24.07,0.47,0.00
"03/04/2017 00:25:00","DUNWOD",61760,25.98,2.38,0.00
"03/04/2017 00:25:00","GENESE",61753,23.38,-0.21,0.00
"03/04/2017 00:25:00","H Q",61844,22.75,-0.85,0.00
"03/04/2017 00:25:00","HUD VL",61758,26.07,2.48,0.00
"03/04/2017 00:25:00","LONGIL",61762,26.54,2.95,0.00
"03/04/2017 00:25:00","MHK VL",61756,24.40,0.80,0.00
"03/04/2017 00:25:00","MILLWD",61759,26.02,2.43,0.00
"03/04/2017 00:25:00","N.Y.C.",61761,26.21,2.62,0.00
"03/04/2017 00:25:00","NORTH",61755,22.44,-1.16,0.00
"03/04/2017 00:25:00","NPX",61845,25.32,1.72,0.00
"03/04/2017 00:25:00","O H",61846,22.93,-0.66,0.00
"03/04/2017 00:25:00","PJM",61847,24.61,1.01,0.00
"03/04/2017 00:25:00","WEST",61752,23.38,-0.21,0.00
"03/04/2017 00:30:00","CAPITL",61757,24.94,1.59,0.00
"03/04/2017 00:30:00","CENTRL",61754,23.82,0.47,0.00
"03/04/2017 00:30:00","DUNWOD",61760,25.67,2.31,0.00
"03/04/2017 00:30:00","GENESE",61753,23.14,-0.21,0.00
"03/04/2017 00:30:00","H Q",61844,22.54,-0.82,0.00
"03/04/2017 00:30:00","HUD VL",61758,25.76,2.41,0.00
"03/04/2017 00:30:00","LONGIL",61762,26.23,2.87,0.00
"03/04/2017 00:30:00","MHK VL",61756,24.15,0.79,0.00
"03/04/2017 00:30:00","MILLWD",61759,25.71,2.36,0.00
"03/04/2017 00:30:00","N.Y.C.",61761,25.88,2.52,0.00
"03/04/2017 00:30:00","NORTH",61755,22.23,-1.12,0.00
"03/04/2017 00:30:00","NPX",61845,25.04,1.68,0.00
"03/04/2017 00:30:00","O H",61846,22.68,-0.68,0.00
"03/04/2017 00:30:00","PJM",61847,24.33,0.98,0.00
"03/04/2017 00:30:00","WEST",61752,23.14,-0.21,0.00
"03/04/2017 00:35:00","CAPITL",61757,24.53,1.58,0.00
"03/04/2017 00:35:00","CENTRL",61754,23.38,0.43,0.00
"03/04/2017 00:35:00","DUNWOD",61760,25.19,2.25,0.00
"03/04/2017 00:35:00","GENESE",61753,22.74,-0.21,0.00
"03/04/2017 00:35:00","H Q",61844,22.14,-0.80,0.00
"03/04/2017 00:35:00","HUD VL",61758,25.29,2.34,0.00
"03/04/2017 00:35:00","LONGIL",61762,25.72,2.78,0.00
"03/04/2017 00:35:00","MHK VL",61756,23.72,0.78,0.00
"03/04/2017 00:35:00","MILLWD",61759,25.24,2.29,0.00
"03/04/2017 00:35:00","N.Y.C.",61761,25.37,2.43,0.00
"03/04/2017 00:35:00","NORTH",61755,21.84,-1.10,0.00
"03/04/2017 00:35:00","NPX",61845,24.62,1.67,0.00
"03/04/2017 00:35:00","O H",61846,22.23,-0.71,0.00
"03/04/2017 00:35:00","PJM",61847,23.84,0.89,0.00
"03/04/2017 00:35:00","WEST",61752,22.69,-0.25,0.00
"03/04/2017 00:40:00","CAPITL",61757,24.48,1.58,0.00
"03/04/2017 00:40:00","CENTRL",61754,23.27,0.37,0.00
"03/04/2017 00:40:00","DUNWOD",61760,25.17,2.27,0.00
"03/04/2017 00:40:00","GENESE",61753,22.63,-0.27,0.00
"03/04/2017 00:40:00","H Q",61844,22.10,-0.80,0.00
"03/04/2017 00:40:00","HUD VL",61758,25.26,2.36,0.00
"03/04/2017 00:40:00","LONGIL",61762,25.69,2.79,0.00
"03/04/2017 00:40:00","MHK VL",61756,23.68,0.78,0.00
"03/04/2017 00:40:00","MILLWD",61759,25.19,2.29,0.00
"03/04/2017 00:40:00","N.Y.C.",61761,25.35,2.45,0.00
"03/04/2017 00:40:00","NORTH",61755,21.82,-1.08,0.00
"03/04/2017 00:40:00","NPX",61845,24.62,1.72,0.00
"03/04/2017 00:40:00","O H",61846,22.10,-0.80,0.00
"03/04/2017 00:40:00","PJM",61847,23.72,0.82,0.00
"03/04/2017 00:40:00","WEST",61752,22.56,-0.34,0.00
"03/04/2017 00:45:00","CAPITL",61757,25.01,1.64,0.00
"03/04/2017 00:45:00","CENTRL",61754,23.77,0.40,0.00
"03/04/2017 00:45:00","DUNWOD",61760,25.67,2.29,0.00
"03/04/2017 00:45:00","GENESE",61753,23.10,-0.28,0.00
"03/04/2017 00:45:00","H Q",61844,22.56,-0.82,0.00
"03/04/2017 00:45:00","HUD VL",61758,25.76,2.39,0.00
"03/04/2017 00:45:00","LONGIL",61762,26.20,2.83,0.00
"03/04/2017 00:45:00","MHK VL",61756,24.17,0.80,0.00
"03/04/2017 00:45:00","MILLWD",61759,25.71,2.34,0.00
"03/04/2017 00:45:00","N.Y.C.",61761,25.88,2.50,0.00
"03/04/2017 00:45:00","NORTH",61755,22.28,-1.10,0.00
"03/04/2017 00:45:00","NPX",61845,25.13,1.75,0.00
"03/04/2017 00:45:00","O H",61846,22.56,-0.82,0.00
"03/04/2017 00:45:00","PJM",61847,24.21,0.84,0.00
"03/04/2017 00:45:00","WEST",61752,23.02,-0.35,0.00
"03/04/2017 00:50:00","CAPITL",61757,27.55,1.45,-5.43
"03/04/2017 00:50:00","CENTRL",61754,21.53,0.31,-0.54
"03/04/2017 00:50:00","DUNWOD",61760,26.68,2.00,-4.00
"03/04/2017 00:50:00","GENESE",61753,20.79,-0.31,-0.43
"03/04/2017 00:50:00","H Q",61844,19.97,-0.70,0.00
"03/04/2017 00:50:00","HUD VL",61758,26.75,2.11,-3.96
"03/04/2017 00:50:00","LONGIL",61762,27.15,2.48,-4.00
"03/04/2017 00:50:00","MHK VL",61756,21.97,0.68,-0.61
"03/04/2017 00:50:00","MILLWD",61759,26.76,2.05,-4.04
"03/04/2017 00:50:00","N.Y.C.",61761,26.86,2.19,-4.00
"03/04/2017 00:50:00","NORTH",61755,19.75,-0.93,0.00
"03/04/2017 00:50:00","NPX",61845,29.24,1.57,-7.00
"03/04/2017 00:50:00","O H",61846,20.45,-0.81,-0.58
"03/04/2017 00:50:00","PJM",61847,23.55,0.70,-2.17
"03/04/2017 00:50:00","WEST",61752,20.84,-0.39,-0.56
"03/04/2017 00:55:00","CAPITL",61757,26.84,1.45,-4.63
"03/04/2017 00:55:00","CENTRL",61754,21.51,0.29,-0.46
"03/04/2017 00:55:00","DUNWOD",61760,26.20,2.04,-3.41
"03/04/2017 00:55:00","GENESE",61753,20.81,-0.31,-0.36
"03/04/2017 00:55:00","H Q",61844,20.07,-0.68,0.00
"03/04/2017 00:55:00","HUD VL",61758,26.26,2.12,-3.38
"03/04/2017 00:55:00","LONGIL",61762,26.65,2.49,-3.41
"03/04/2017 00:55:00","MHK VL",61756,21.97,0.68,-0.52
"03/04/2017 00:55:00","MILLWD",61759,26.28,2.08,-3.44
"03/04/2017 00:55:00","N.Y.C.",61761,26.36,2.20,-3.41
"03/04/2017 00:55:00","NORTH",61755,19.87,-0.89,0.00
"03/04/2017 00:55:00","NPX",61845,28.62,1.58,-6.29
"03/04/2017 00:55:00","O H",61846,20.40,-0.85,-0.50
"03/04/2017 00:55:00","PJM",61847,23.27,0.66,-1.85
"03/04/2017 00:55:00","WEST",61752,20.80,-0.44,-0.48
"03/04/2017 01:00:00","CAPITL",61757,25.32,1.63,0.00
"03/04/2017 01:00:00","CENTRL",61754,24.07,0.38,0.00
"03/04/2017 01:00:00","DUNWOD",61760,26.01,2.32,0.00
"03/04/2017 01:00:00","GENESE",61753,23.41,-0.28,0.00
"03/04/2017 01:00:00","H Q",61844,22.89,-0.81,0.00
"03/04/2017 01:00:00","HUD VL",61758,26.11,2.42,0.00
"03/04/2017 01:00:00","LONGIL",61762,26.51,2.82,0.00
"03/04/2017 01:00:00","MHK VL",61756,24.50,0.81,0.00
"03/04/2017 01:00:00","MILLWD",61759,26.06,2.37,0.00
"03/04/2017 01:00:00","N.Y.C.",61761,26.20,2.51,0.00
"03/04/2017 01:00:00","NORTH",61755,22.65,-1.04,0.00
"03/04/2017 01:00:00","NPX",61845,27.67,1.78,-2.20
"03/04/2017 01:00:00","O H",61846,22.86,-0.83,0.00
"03/04/2017 01:00:00","PJM",61847,24.52,0.83,0.00
"03/04/2017 01:00:00","WEST",61752,23.34,-0.35,0.00
"03/04/2017 01:05:00","CAPITL",61757,25.30,1.61,0.00
"03/04/2017 01:05:00","CENTRL",61754,24.07,0.38,0.00
"03/04/2017 01:05:00","DUNWOD",61760,25.99,2.30,0.00
"03/04/2017 01:05:00","GENESE",61753,23.38,-0.31,0.00
"03/04/2017 01:05:00","H Q",61844,22.91,-0.78,0.00
"03/04/2017 01:05:00","HUD VL",61758,26.08,2.39,0.00
"03/04/2017 01:05:00","LONGIL",61762,26.51,2.82,0.00
"03/04/2017 01:05:00","MHK VL",61756,24.50,0.81,0.00
"03/04/2017 01:05:00","MILLWD",61759,26.04,2.35,0.00
"03/04/2017 01:05:00","N.Y.C.",61761,26.20,2.51,0.00
"03/04/2017 01:05:00","NORTH",61755,22.67,-1.02,0.00
"03/04/2017 01:05:00","NPX",61845,25.42,1.73,0.00
"03/04/2017 01:05:00","O H",61846,22.89,-0.81,0.00
"03/04/2017 01:05:00","PJM",61847,24.54,0.85,0.00
"03/04/2017 01:05:00","WEST",61752,23.34,-0.35,0.00
"03/04/2017 01:10:00","CAPITL",61757,25.01,1.59,0.00
"03/04/2017 01:10:00","CENTRL",61754,23.79,0.37,0.00
"03/04/2017 01:10:00","DUNWOD",61760,25.69,2.27,0.00
"03/04/2017 01:10:00","GENESE",61753,23.14,-0.28,0.00
"03/04/2017 01:10:00","H Q",61844,22.65,-0.77,0.00
"03/04/2017 01:10:00","HUD VL",61758,25.78,2.36,0.00
"03/04/2017 01:10:00","LONGIL",61762,26.18,2.76,0.00
"03/04/2017 01:10:00","MHK VL",61756,24.22,0.80,0.00
"03/04/2017 01:10:00","MILLWD",61759,25.71,2.30,0.00
"03/04/2017 01:10:00","N.Y.C.",61761,25.88,2.46,0.00
"03/04/2017 01:10:00","NORTH",61755,22.44,-0.98,0.00
"03/04/2017 01:10:00","NPX",61845,25.13,1.71,0.00
"03/04/2017 01:10:00","O H",61846,22.65,-0.77,0.00
"03/04/2017 01:10:00","PJM",61847,24.29,0.87,0.00
"03/04/2017 01:10:00","WEST",61752,23.09,-0.33,0.00
"03/04/2017 01:15:00","CAPITL",61757,25.01,1.55,0.00
"03/04/2017 01:15:00","CENTRL",61754,23.83,0.37,0.00
"03/04/2017 01:15:00","DUNWOD",61760,25.66,2.20,0.00
"03/04/2017 01:15:00","GENESE",61753,23.18,-0.28,0.00
"03/04/2017 01:15:00","H Q",61844,22.71,-0.75,0.00
"03/04/2017 01:15:00","HUD VL",61758,25.71,2.25,0.00
"03/04/2017 01:15:00","LONGIL",61762,26.18,2.72,0.00
"03/04/2017 01:15:00","MHK VL",61756,24.26,0.80,0.00
"03/04/2017 01:15:00","MILLWD",61759,25.71,2.25,0.00
"03/04/2017 01:15:00","N.Y.C.",61761,25.88,2.42,0.00
"03/04/2017 01:15:00","NORTH",61755,22.54,-0.92,0.00
"03/04/2017 01:15:00","NPX",61845,25.10,1.64,0.00
"03/04/2017 01:15:00","O H",61846,22.71,-0.75,0.00
"03/04/2017 01:15:00","PJM",61847,24.33,0.87,0.00
"03/04/2017 01:15:00","WEST",61752,23.15,-0.31,0.00
"03/04/2017 01:20:00","CAPITL",61757,25.01,1.55,0.00
"03/04/2017 01:20:00","CENTRL",61754,23.83,0.37,0.00
"03/04/2017 01:20:00","DUNWOD",61760,25.66,2.20,0.00
"03/04/2017 01:20:00","GENESE",61753,23.18,-0.28,0.00
"03/04/2017 01:20:00","H Q",61844,22.71,-0.75,0.00
"03/04/2017 01:20:00","HUD VL",61758,25.71,2.25,0.00
"03/04/2017 01:20:00","LONGIL",61762,26.16,2.70,0.00
"03/04/2017 01:20:00","MHK VL",61756,24.26,0.80,0.00
"03/04/2017 01:20:00","MILLWD",61759,25.71,2.25,0.00
"03/04/2017 01:20:00","N.Y.C.",61761,25.88,2.42,0.00
"03/04/2017 01:20:00","NORTH",61755,22.54,-0.92,0.00
"03/04/2017 01:20:00","NPX",61845,25.10,1.64,0.00
"03/04/2017 01:20:00","O H",61846,22.71,-0.75,0.00
"03/04/2017 01:20:00","PJM",61847,24.30,0.84,0.00
"03/04/2017 01:20:00","WEST",61752,23.15,-0.31,0.00
"03/04/2017 01:25:00","CAPITL",61757,25.05,1.55,0.00
"03/04/2017 01:25:00","CENTRL",61754,23.88,0.37,0.00
"03/04/2017 01:25:00","DUNWOD",61760,25.69,2.19,0.00
"03/04/2017 01:25:00","GENESE",61753,23.25,-0.26,0.00
"03/04/2017 01:25:00","H Q",61844,22.77,-0.73,0.00
"03/04/2017 01:25:00","HUD VL",61758,25.74,2.23,0.00
"03/04/2017 01:25:00","LONGIL",61762,26.18,2.68,0.00
"03/04/2017 01:25:00","MHK VL",61756,24.33,0.82,0.00
"03/04/2017 01:25:00","MILLWD",61759,25.74,2.23,0.00
"03/04/2017 01:25:00","N.Y.C.",61761,25.88,2.37,0.00
"03/04/2017 01:25:00","NORTH",61755,22.61,-0.89,0.00
"03/04/2017 01:25:00","NPX",61845,25.12,1.62,0.00
"03/04/2017 01:25:00","O H",61846,22.77,-0.73,0.00
"03/04/2017 01:25:00","PJM",61847,24.33,0.82,0.00
"03/04/2017 01:25:00","WEST",61752,23.25,-0.26,0.00
"03/04/2017 01:30:00","CAPITL",61757,25.57,1.58,0.00
"03/04/2017 01:30:00","CENTRL",61754,24.35,0.36,0.00
"03/04/2017 01:30:00","DUNWOD",61760,26.27,2.28,0.00
"03/04/2017 01:30:00","GENESE",61753,23.70,-0.29,0.00
"03/04/2017 01:30:00","H Q",61844,23.25,-0.74,0.00
"03/04/2017 01:30:00","HUD VL",61758,26.29,2.30,0.00
"03/04/2017 01:30:00","LONGIL",61762,26.77,2.78,0.00
"03/04/2017 01:30:00","MHK VL",61756,24.81,0.82,0.00
"03/04/2017 01:30:00","MILLWD",61759,26.32,2.33,0.00
"03/04/2017 01:30:00","N.Y.C.",61761,26.49,2.49,0.00
"03/04/2017 01:30:00","NORTH",61755,23.08,-0.91,0.00
"03/04/2017 01:30:00","NPX",61845,25.67,1.68,0.00
"03/04/2017 01:30:00","O H",61846,23.20,-0.79,0.00
"03/04/2017 01:30:00","PJM",61847,24.83,0.84,0.00
"03/04/2017 01:30:00","WEST",61752,23.68,-0.31,0.00
"03/04/2017 01:35:00","CAPITL",61757,25.84,1.58,0.00
"03/04/2017 01:35:00","CENTRL",61754,24.63,0.36,0.00
"03/04/2017 01:35:00","DUNWOD",61760,26.62,2.35,0.00
"03/04/2017 01:35:00","GENESE",61753,23.97,-0.29,0.00
"03/04/2017 01:35:00","H Q",61844,23.51,-0.75,0.00
"03/04/2017 01:35:00","HUD VL",61758,26.64,2.38,0.00
"03/04/2017 01:35:00","LONGIL",61762,27.10,2.84,0.00
"03/04/2017 01:35:00","MHK VL",61756,25.09,0.83,0.00
"03/04/2017 01:35:00","MILLWD",61759,26.67,2.40,0.00
"03/04/2017 01:35:00","N.Y.C.",61761,26.83,2.57,0.00
"03/04/2017 01:35:00","NORTH",61755,23.34,-0.92,0.00
"03/04/2017 01:35:00","NPX",61845,25.96,1.70,0.00
"03/04/2017 01:35:00","O H",61846,23.44,-0.83,0.00
"03/04/2017 01:35:00","PJM",61847,25.11,0.85,0.00
"03/04/2017 01:35:00","WEST",61752,23.92,-0.34,0.00
"03/04/2017 01:40:00","CAPITL",61757,25.87,1.58,0.00
"03/04/2017 01:40:00","CENTRL",61754,24.65,0.36,0.00
"03/04/2017 01:40:00","DUNWOD",61760,26.62,2.33,0.00
"03/04/2017 01:40:00","GENESE",61753,23.97,-0.32,0.00
"03/04/2017 01:40:00","H Q",61844,23.53,-0.75,0.00
"03/04/2017 01:40:00","HUD VL",61758,26.64,2.36,0.00
"03/04/2017 01:40:00","LONGIL",61762,27.10,2.82,0.00
"03/04/2017 01:40:00","MHK VL",61756,25.11,0.83,0.00
"03/04/2017 01:40:00","MILLWD",61759,26.67,2.38,0.00
"03/04/2017 01:40:00","N.Y.C.",61761,26.86,2.57,0.00
"03/04/2017 01:40:00","NORTH",61755,23.39,-0.90,0.00
"03/04/2017 01:40:00","NPX",61845,25.99,1.70,0.00
"03/04/2017 01:40:00","O H",61846,23.46,-0.83,0.00
"03/04/2017 01:40:00","PJM",61847,25.14,0.85,0.00
"03/04/2017 01:40:00","WEST",61752,23.92,-0.36,0.00
"03/04/2017 01:45:00","CAPITL",61757,25.54,1.58,0.00
"03/04/2017 01:45:00","CENTRL",61754,24.34,0.38,0.00
"03/04/2017 01:45:00","DUNWOD",61760,26.19,2.23,0.00
"03/04/2017 01:45:00","GENESE",61753,23.72,-0.24,0.00
"03/04/2017 01:45:00","H Q",61844,23.22,-0.74,0.00
"03/04/2017 01:45:00","HUD VL",61758,26.21,2.25,0.00
"03/04/2017 01:45:00","LONGIL",61762,26.67,2.71,0.00
"03/04/2017 01:45:00","MHK VL",61756,24.77,0.82,0.00
"03/04/2017 01:45:00","MILLWD",61759,26.24,2.28,0.00
"03/04/2017 01:45:00","N.Y.C.",61761,26.38,2.42,0.00
"03/04/2017 01:45:00","NORTH",61755,23.07,-0.89,0.00
"03/04/2017 01:45:00","NPX",61845,25.64,1.68,0.00
"03/04/2017 01:45:00","O H",61846,23.24,-0.72,0.00
"03/04/2017 01:45:00","PJM",61847,24.82,0.86,0.00
"03/04/2017 01:45:00","WEST",61752,23.72,-0.24,0.00
"03/04/2017 01:50:00","CAPITL",61757,25.12,1.56,0.00
"03/04/2017 01:50:00","CENTRL",61754,23.97,0.40,0.00
"03/04/2017 01:50:00","DUNWOD",61760,25.71,2.14,0.00
"03/04/2017 01:50:00","GENESE",61753,23.33,-0.24,0.00
"03/04/2017 01:50:00","H Q",61844,22.84,-0.73,0.00
"03/04/2017 01:50:00","HUD VL",61758,25.76,2.19,0.00
"03/04/2017 01:50:00","LONGIL",61762,26.16,2.59,0.00
"03/04/2017 01:50:00","MHK VL",61756,24.37,0.80,0.00
"03/04/2017 01:50:00","MILLWD",61759,25.76,2.19,0.00
"03/04/2017 01:50:00","N.Y.C.",61761,25.90,2.33,0.00
"03/04/2017 01:50:00","NORTH",61755,22.70,-0.87,0.00
"03/04/2017 01:50:00","NPX",61845,25.22,1.65,0.00
"03/04/2017 01:50:00","O H",61846,22.86,-0.71,0.00
"03/04/2017 01:50:00","PJM",61847,24.39,0.82,0.00
"03/04/2017 01:50:00","WEST",61752,23.31,-0.26,0.00
"03/04/2017 01:55:00","CAPITL",61757,25.25,1.56,0.00
"03/04/2017 01:55:00","CENTRL",61754,24.07,0.38,0.00
"03/04/2017 01:55:00","DUNWOD",61760,25.87,2.18,0.00
"03/04/2017 01:55:00","GENESE",61753,23.41,-0.28,0.00
"03/04/2017 01:55:00","H Q",61844,22.96,-0.73,0.00
"03/04/2017 01:55:00","HUD VL",61758,25.92,2.23,0.00
"03/04/2017 01:55:00","LONGIL",61762,26.32,2.63,0.00
"03/04/2017 01:55:00","MHK VL",61756,24.52,0.83,0.00
"03/04/2017 01:55:00","MILLWD",61759,25.92,2.23,0.00
"03/04/2017 01:55:00","N.Y.C.",61761,26.06,2.37,0.00
"03/04/2017 01:55:00","NORTH",61755,22.81,-0.88,0.00
"03/04/2017 01:55:00","NPX",61845,25.35,1.66,0.00
"03/04/2017 01:55:00","O H",61846,22.93,-0.76,0.00
"03/04/2017 01:55:00","PJM",61847,24.52,0.83,0.00
"03/04/2017 01:55:00","WEST",61752,23.38,-0.31,0.00
"03/04/2017 02:00:00","CAPITL",61757,25.52,1.60,0.00
"03/04/2017 02:00:00","CENTRL",61754,24.25,0.33,0.00
"03/04/2017 02:00:00","DUNWOD",61760,26.19,2.27,0.00
"03/04/2017 02:00:00","GENESE",61753,23.58,-0.33,0.00
"03/04/2017 02:00:00","H Q",61844,23.17,-0.74,0.00
"03/04/2017 02:00:00","HUD VL",61758,26.21,2.30,0.00
"03/04/2017 02:00:00","LONGIL",61762,26.74,2.82,0.00
"03/04/2017 02:00:00","MHK VL",61756,24.73,0.81,0.00
"03/04/2017 02:00:00","MILLWD",61759,26.23,2.32,0.00
"03/04/2017 02:00:00","N.Y.C.",61761,26.40,2.49,0.00
"03/04/2017 02:00:00","NORTH",61755,23.03,-0.88,0.00
"03/04/2017 02:00:00","NPX",61845,25.64,1.72,0.00
"03/04/2017 02:00:00","O H",61846,23.06,-0.86,0.00
"03/04/2017 02:00:00","PJM",61847,24.73,0.81,0.00
"03/04/2017 02:00:00","WEST",61752,23.51,-0.41,0.00
"03/04/2017 02:05:00","CAPITL",61757,25.47,1.60,0.00
"03/04/2017 02:05:00","CENTRL",61754,24.21,0.33,0.00
"03/04/2017 02:05:00","DUNWOD",61760,26.17,2.29,0.00
"03/04/2017 02:05:00","GENESE",61753,23.52,-0.36,0.00
"03/04/2017 02:05:00","H Q",61844,23.13,-0.74,0.00
"03/04/2017 02:05:00","HUD VL",61758,26.19,2.32,0.00
"03/04/2017 02:05:00","LONGIL",61762,26.81,2.94,0.00
"03/04/2017 02:05:00","MHK VL",61756,24.69,0.81,0.00
"03/04/2017 02:05:00","MILLWD",61759,26.21,2.34,0.00
"03/04/2017 02:05:00","N.Y.C.",61761,26.38,2.51,0.00
"03/04/2017 02:05:00","NORTH",61755,22.97,-0.91,0.00
"03/04/2017 02:05:00","NPX",61845,25.61,1.74,0.00
"03/04/2017 02:05:00","O H",61846,22.99,-0.88,0.00
"03/04/2017 02:05:00","PJM",61847,24.69,0.81,0.00
"03/04/2017 02:05:00","WEST",61752,23.47,-0.41,0.00
"03/04/2017 02:10:00","CAPITL",61757,25.33,1.59,0.00
"03/04/2017 02:10:00","CENTRL",61754,24.05,0.31,0.00
"03/04/2017 02:10:00","DUNWOD",61760,26.02,2.28,0.00
"03/04/2017 02:10:00","GENESE",61753,23.36,-0.38,0.00
"03/04/2017 02:10:00","H Q",61844,23.00,-0.74,0.00
"03/04/2017 02:10:00","HUD VL",61758,26.04,2.30,0.00
"03/04/2017 02:10:00","LONGIL",61762,26.66,2.92,0.00
"03/04/2017 02:10:00","MHK VL",61756,24.55,0.81,0.00
"03/04/2017 02:10:00","MILLWD",61759,26.07,2.33,0.00
"03/04/2017 02:10:00","N.Y.C.",61761,26.21,2.47,0.00
"03/04/2017 02:10:00","NORTH",61755,22.84,-0.90,0.00
"03/04/2017 02:10:00","NPX",61845,25.47,1.73,0.00
"03/04/2017 02:10:00","O H",61846,22.84,-0.90,0.00
"03/04/2017 02:10:00","PJM",61847,24.55,0.81,0.00
"03/04/2017 02:10:00","WEST",61752,23.29,-0.45,0.00
"03/04/2017 02:15:00","CAPITL",61757,25.28,1.56,0.00
"03/04/2017 02:15:00","CENTRL",61754,24.05,0.33,0.00
"03/04/2017 02:15:00","DUNWOD",61760,25.92,2.21,0.00
"03/04/2017 02:15:00","GENESE",61753,23.38,-0.33,0.00
"03/04/2017 02:15:00","H Q",61844,23.00,-0.71,0.00
"03/04/2017 02:15:00","HUD VL",61758,25.94,2.23,0.00
"03/04/2017 02:15:00","LONGIL",61762,26.58,2.87,0.00
"03/04/2017 02:15:00","MHK VL",61756,24.52,0.81,0.00
"03/04/2017 02:15:00","MILLWD",61759,25.97,2.25,0.00
"03/04/2017 02:15:00","N.Y.C.",61761,26.11,2.39,0.00
"03/04/2017 02:15:00","NORTH",61755,22.86,-0.85,0.00
"03/04/2017 02:15:00","NPX",61845,25.37,1.66,0.00
"03/04/2017 02:15:00","O H",61846,22.86,-0.85,0.00
"03/04/2017 02:15:00","PJM",61847,24.50,0.78,0.00
"03/04/2017 02:15:00","WEST",61752,23.31,-0.40,0.00
"03/04/2017 02:20:00","CAPITL",61757,25.01,1.53,0.00
"03/04/2017 02:20:00","CENTRL",61754,23.84,0.35,0.00
"03/04/2017 02:20:00","DUNWOD",61760,25.67,2.18,0.00
"03/04/2017 02:20:00","GENESE",61753,23.18,-0.31,0.00
"03/04/2017 02:20:00","H Q",61844,22.78,-0.70,0.00
"03/04/2017 02:20:00","HUD VL",61758,25.71,2.23,0.00
"03/04/2017 02:20:00","LONGIL",61762,26.32,2.84,0.00
"03/04/2017 02:20:00","MHK VL",61756,24.28,0.80,0.00
"03/04/2017 02:20:00","MILLWD",61759,25.71,2.23,0.00
"03/04/2017 02:20:00","N.Y.C.",61761,25.88,2.40,0.00
"03/04/2017 02:20:00","NORTH",61755,22.64,-0.84,0.00
"03/04/2017 02:20:00","NPX",61845,25.10,1.62,0.00
"03/04/2017 02:20:00","O H",61846,22.68,-0.80,0.00
"03/04/2017 02:20:00","PJM",61847,24.30,0.82,0.00
"03/04/2017 02:20:00","WEST",61752,23.13,-0.35,0.00
"03/04/2017 02:25:00","CAPITL",61757,25.01,1.55,0.00
"03/04/2017 02:25:00","CENTRL",61754,23.81,0.35,0.00
"03/04/2017 02:25:00","DUNWOD",61760,25.66,2.20,0.00
"03/04/2017 02:25:00","GENESE",61753,23.13,-0.33,0.00
"03/04/2017 02:25:00","H Q",61844,22.73,-0.73,0.00
"03/04/2017 02:25:00","HUD VL",61758,25.69,2.23,0.00
"03/04/2017 02:25:00","LONGIL",61762,26.30,2.84,0.00
"03/04/2017 02:25:00","MHK VL",61756,24.26,0.80,0.00
"03/04/2017 02:25:00","MILLWD",61759,25.71,2.25,0.00
"03/04/2017 02:25:00","N.Y.C.",61761,25.88,2.42,0.00
"03/04/2017 02:25:00","NORTH",61755,22.59,-0.87,0.00
"03/04/2017 02:25:00","NPX",61845,25.10,1.64,0.00
"03/04/2017 02:25:00","O H",61846,22.64,-0.82,0.00
"03/04/2017 02:25:00","PJM",61847,24.26,0.80,0.00
"03/04/2017 02:25:00","WEST",61752,23.06,-0.40,0.00
"03/04/2017 02:30:00","CAPITL",61757,25.01,1.59,0.00
"03/04/2017 02:30:00","CENTRL",61754,23.72,0.30,0.00
"03/04/2017 02:30:00","DUNWOD",61760,25.67,2.25,0.00
"03/04/2017 02:30:00","GENESE",61753,23.04,-0.38,0.00
"03/04/2017 02:30:00","H Q",61844,22.67,-0.75,0.00
"03/04/2017 02:30:00","HUD VL",61758,25.69,2.27,0.00
"03/04/2017 02:30:00","LONGIL",61762,26.30,2.88,0.00
"03/04/2017 02:30:00","MHK VL",61756,24.22,0.80,0.00
"03/04/2017 02:30:00","MILLWD",61759,25.71,2.30,0.00
"03/04/2017 02:30:00","N.Y.C.",61761,25.88,2.46,0.00
"03/04/2017 02:30:00","NORTH",61755,22.50,-0.91,0.00
"03/04/2017 02:30:00","NPX",61845,25.13,1.71,0.00
"03/04/2017 02:30:00","O H",61846,22.53,-0.89,0.00
"03/04/2017 02:30:00","PJM",61847,24.17,0.75,0.00
"03/04/2017 02:30:00","WEST",61752,22.95,-0.47,0.00
"03/04/2017 02:35:00","CAPITL",61757,25.37,1.66,0.00
"03/04/2017 02:35:00","CENTRL",61754,24.02,0.31,0.00
"03/04/2017 02:35:00","DUNWOD",61760,25.99,2.28,0.00
"03/04/2017 02:35:00","GENESE",61753,23.36,-0.36,0.00
"03/04/2017 02:35:00","H Q",61844,22.95,-0.76,0.00
"03/04/2017 02:35:00","HUD VL",61758,26.04,2.33,0.00
"03/04/2017 02:35:00","LONGIL",61762,26.63,2.92,0.00
"03/04/2017 02:35:00","MHK VL",61756,24.52,0.81,0.00
"03/04/2017 02:35:00","MILLWD",61759,26.04,2.33,0.00
"03/04/2017 02:35:00","N.Y.C.",61761,26.20,2.49,0.00
"03/04/2017 02:35:00","NORTH",61755,22.74,-0.97,0.00
"03/04/2017 02:35:00","NPX",61845,25.49,1.78,0.00
"03/04/2017 02:35:00","O H",61846,22.81,-0.90,0.00
"03/04/2017 02:35:00","PJM",61847,24.47,0.76,0.00
"03/04/2017 02:35:00","WEST",61752,23.26,-0.45,0.00
"03/04/2017 02:40:00","CAPITL",61757,25.04,1.64,0.00
"03/04/2017 02:40:00","CENTRL",61754,23.70,0.30,0.00
"03/04/2017 02:40:00","DUNWOD",61760,25.67,2.27,0.00
"03/04/2017 02:40:00","GENESE",61753,23.02,-0.38,0.00
"03/04/2017 02:40:00","H Q",61844,22.65,-0.75,0.00
"03/04/2017 02:40:00","HUD VL",61758,25.69,2.29,0.00
"03/04/2017 02:40:00","LONGIL",61762,26.30,2.90,0.00
"03/04/2017 02:40:00","MHK VL",61756,24.17,0.77,0.00
"03/04/2017 02:40:00","MILLWD",61759,25.71,2.32,0.00
"03/04/2017 02:40:00","N.Y.C.",61761,25.85,2.46,0.00
"03/04/2017 02:40:00","NORTH",61755,22.44,-0.96,0.00
"03/04/2017 02:40:00","NPX",61845,25.15,1.76,0.00
"03/04/2017 02:40:00","O H",61846,22.48,-0.91,0.00
"03/04/2017 02:40:00","PJM",61847,24.15,0.75,0.00
"03/04/2017 02:40:00","WEST",61752,22.93,-0.47,0.00
"03/04/2017 02:45:00","CAPITL",61757,24.99,1.59,0.00
"03/04/2017 02:45:00","CENTRL",61754,23.73,0.33,0.00
"03/04/2017 02:45:00","DUNWOD",61760,25.67,2.27,0.00
"03/04/2017 02:45:00","GENESE",61753,23.07,-0.33,0.00
"03/04/2017 02:45:00","H Q",61844,22.63,-0.77,0.00
"03/04/2017 02:45:00","HUD VL",61758,25.69,2.29,0.00
"03/04/2017 02:45:00","LONGIL",61762,26.30,2.90,0.00
"03/04/2017 02:45:00","MHK VL",61756,24.19,0.80,0.00
"03/04/2017 02:45:00","MILLWD",61759,25.71,2.32,0.00
"03/04/2017 02:45:00","N.Y.C.",61761,25.88,2.48,0.00
"03/04/2017 02:45:00","NORTH",61755,22.44,-0.96,0.00
"03/04/2017 02:45:00","NPX",61845,25.13,1.73,0.00
"03/04/2017 02:45:00","O H",61846,22.56,-0.84,0.00
"03/04/2017 02:45:00","PJM",61847,24.19,0.80,0.00
"03/04/2017 02:45:00","WEST",61752,23.00,-0.40,0.00
"03/04/2017 02:50:00","CAPITL",61757,24.48,1.56,0.00
"03/04/2017 02:50:00","CENTRL",61754,23.27,0.34,0.00
"03/04/2017 02:50:00","DUNWOD",61760,25.17,2.25,0.00
"03/04/2017 02:50:00","GENESE",61753,22.60,-0.32,0.00
"03/04/2017 02:50:00","H Q",61844,22.17,-0.76,0.00
"03/04/2017 02:50:00","HUD VL",61758,25.19,2.27,0.00
"03/04/2017 02:50:00","LONGIL",61762,25.79,2.86,0.00
"03/04/2017 02:50:00","MHK VL",61756,23.70,0.78,0.00
"03/04/2017 02:50:00","MILLWD",61759,25.21,2.29,0.00
"03/04/2017 02:50:00","N.Y.C.",61761,25.37,2.45,0.00
"03/04/2017 02:50:00","NORTH",61755,21.96,-0.96,0.00
"03/04/2017 02:50:00","NPX",61845,24.62,1.70,0.00
"03/04/2017 02:50:00","O H",61846,22.12,-0.80,0.00
"03/04/2017 02:50:00","PJM",61847,23.74,0.82,0.00
"03/04/2017 02:50:00","WEST",61752,22.53,-0.39,0.00
"03/04/2017 02:55:00","CAPITL",61757,24.48,1.56,0.00
"03/04/2017 02:55:00","CENTRL",61754,23.27,0.34,0.00
"03/04/2017 02:55:00","DUNWOD",61760,25.17,2.25,0.00
"03/04/2017 02:55:00","GENESE",61753,22.62,-0.30,0.00
"03/04/2017 02:55:00","H Q",61844,22.17,-0.76,0.00
"03/04/2017 02:55:00","HUD VL",61758,25.19,2.27,0.00
"03/04/2017 02:55:00","LONGIL",61762,25.76,2.84,0.00
"03/04/2017 02:55:00","MHK VL",61756,23.70,0.78,0.00
"03/04/2017 02:55:00","MILLWD",61759,25.21,2.29,0.00
"03/04/2017 02:55:00","N.Y.C.",61761,25.37,2.45,0.00
"03/04/2017 02:55:00","NORTH",61755,21.96,-0.96,0.00
"03/04/2017 02:55:00","NPX",61845,24.62,1.70,0.00
"03/04/2017 02:55:00","O H",61846,22.14,-0.78,0.00
"03/04/2017 02:55:00","PJM",61847,23.72,0.80,0.00
"03/04/2017 02:55:00","WEST",61752,22.55,-0.37,0.00
"03/04/2017 03:00:00","CAPITL",61757,24.48,1.57,-0.07
"03/04/2017 03:00:00","CENTRL",61754,23.12,0.28,-0.01
"03/04/2017 03:00:00","DUNWOD",61760,25.15,2.26,-0.05
"03/04/2017 03:00:00","GENESE",61753,22.45,-0.39,-0.01
"03/04/2017 03:00:00","H Q",61844,22.08,-0.75,0.00
"03/04/2017 03:00:00","HUD VL",61758,25.17,2.28,-0.05
"03/04/2017 03:00:00","LONGIL",61762,25.76,2.88,-0.05
"03/04/2017 03:00:00","MHK VL",61756,23.60,0.75,-0.01
"03/04/2017 03:00:00","MILLWD",61759,25.19,2.31,-0.05
"03/04/2017 03:00:00","N.Y.C.",61761,25.35,2.47,-0.05
"03/04/2017 03:00:00","NORTH",61755,21.90,-0.94,0.00
"03/04/2017 03:00:00","NPX",61845,24.61,1.71,-0.06
"03/04/2017 03:00:00","O H",61846,21.93,-0.91,-0.01
"03/04/2017 03:00:00","PJM",61847,23.59,0.73,-0.03
"03/04/2017 03:00:00","WEST",61752,22.34,-0.50,-0.01
"03/04/2017 03:05:00","CAPITL",61757,25.31,1.45,-2.83
"03/04/2017 03:05:00","CENTRL",61754,21.54,0.23,-0.28
"03/04/2017 03:05:00","DUNWOD",61760,25.18,2.06,-2.08
"03/04/2017 03:05:00","GENESE",61753,20.85,-0.40,-0.22
"03/04/2017 03:05:00","H Q",61844,20.36,-0.67,0.00
"03/04/2017 03:05:00","HUD VL",61758,25.18,2.08,-2.06
"03/04/2017 03:05:00","LONGIL",61762,25.74,2.63,-2.08
"03/04/2017 03:05:00","MHK VL",61756,22.05,0.69,-0.32
"03/04/2017 03:05:00","MILLWD",61759,25.24,2.10,-2.11
"03/04/2017 03:05:00","N.Y.C.",61761,25.37,2.25,-2.08
"03/04/2017 03:05:00","NORTH",61755,20.19,-0.84,0.00
"03/04/2017 03:05:00","NPX",61845,25.11,1.58,-2.50
"03/04/2017 03:05:00","O H",61846,20.41,-0.92,-0.30
"03/04/2017 03:05:00","PJM",61847,22.79,0.63,-1.13
"03/04/2017 03:05:00","WEST",61752,20.78,-0.55,-0.29
"03/04/2017 03:10:00","CAPITL",61757,24.46,1.58,0.00
"03/04/2017 03:10:00","CENTRL",61754,23.18,0.30,0.00
"03/04/2017 03:10:00","DUNWOD",61760,25.15,2.27,0.00
"03/04/2017 03:10:00","GENESE",61753,22.51,-0.37,0.00
"03/04/2017 03:10:00","H Q",61844,22.13,-0.75,0.00
"03/04/2017 03:10:00","HUD VL",61758,25.17,2.29,0.00
"03/04/2017 03:10:00","LONGIL",61762,25.76,2.88,0.00
"03/04/2017 03:10:00","MHK VL",61756,23.66,0.78,0.00
"03/04/2017 03:10:00","MILLWD",61759,25.19,2.31,0.00
"03/04/2017 03:10:00","N.Y.C.",61761,25.35,2.47,0.00
"03/04/2017 03:10:00","NORTH",61755,21.90,-0.98,0.00
"03/04/2017 03:10:00","NPX",61845,24.62,1.74,0.00
"03/04/2017 03:10:00","O H",61846,21.99,-0.89,0.00
"03/04/2017 03:10:00","PJM",61847,23.63,0.75,0.00
"03/04/2017 03:10:00","WEST",61752,22.40,-0.48,0.00
"03/04/2017 03:15:00","CAPITL",61757,24.53,1.58,0.00
"03/04/2017 03:15:00","CENTRL",61754,23.31,0.37,0.00
"03/04/2017 03:15:00","DUNWOD",61760,25.17,2.22,0.00
"03/04/2017 03:15:00","GENESE",61753,22.62,-0.32,0.00
"03/04/2017 03:15:00","H Q",61844,22.16,-0.78,0.00
"03/04/2017 03:15:00","HUD VL",61758,25.22,2.27,0.00
"03/04/2017 03:15:00","LONGIL",61762,25.81,2.87,0.00
"03/04/2017 03:15:00","MHK VL",61756,23.75,0.80,0.00
"03/04/2017 03:15:00","MILLWD",61759,25.22,2.27,0.00
"03/04/2017 03:15:00","N.Y.C.",61761,25.37,2.43,0.00
"03/04/2017 03:15:00","NORTH",61755,21.93,-1.01,0.00
"03/04/2017 03:15:00","NPX",61845,24.67,1.72,0.00
"03/04/2017 03:15:00","O H",61846,22.16,-0.78,0.00
"03/04/2017 03:15:00","PJM",61847,23.79,0.85,0.00
"03/04/2017 03:15:00","WEST",61752,22.58,-0.37,0.00
"03/04/2017 03:20:00","CAPITL",61757,24.50,1.58,0.00
"03/04/2017 03:20:00","CENTRL",61754,23.29,0.37,0.00
"03/04/2017 03:20:00","DUNWOD",61760,25.17,2.25,0.00
"03/04/2017 03:20:00","GENESE",61753,22.62,-0.30,0.00
"03/04/2017 03:20:00","H Q",61844,22.14,-0.78,0.00
"03/04/2017 03:20:00","HUD VL",61758,25.21,2.29,0.00
"03/04/2017 03:20:00","LONGIL",61762,25.81,2.89,0.00
"03/04/2017 03:20:00","MHK VL",61756,23.72,0.80,0.00
"03/04/2017 03:20:00","MILLWD",61759,25.21,2.29,0.00
"03/04/2017 03:20:00","N.Y.C.",61761,25.37,2.45,0.00
"03/04/2017 03:20:00","NORTH",61755,21.89,-1.03,0.00
"03/04/2017 03:20:00","NPX",61845,24.64,1.72,0.00
"03/04/2017 03:20:00","O H",61846,22.17,-0.76,0.00
"03/04/2017 03:20:00","PJM",61847,23.79,0.87,0.00
"03/04/2017 03:20:00","WEST",61752,22.58,-0.34,0.00
"03/04/2017 03:25:00","CAPITL",61757,24.48,1.60,0.00
"03/04/2017 03:25:00","CENTRL",61754,23.20,0.32,0.00
"03/04/2017 03:25:00","DUNWOD",61760,25.15,2.27,0.00
"03/04/2017 03:25:00","GENESE",61753,22.54,-0.34,0.00
"03/04/2017 03:25:00","H Q",61844,22.10,-0.78,0.00
"03/04/2017 03:25:00","HUD VL",61758,25.19,2.31,0.00
"03/04/2017 03:25:00","LONGIL",61762,25.79,2.91,0.00
"03/04/2017 03:25:00","MHK VL",61756,23.68,0.80,0.00
"03/04/2017 03:25:00","MILLWD",61759,25.19,2.31,0.00
"03/04/2017 03:25:00","N.Y.C.",61761,25.35,2.47,0.00
"03/04/2017 03:25:00","NORTH",61755,21.85,-1.03,0.00
"03/04/2017 03:25:00","NPX",61845,24.62,1.74,0.00
"03/04/2017 03:25:00","O H",61846,22.06,-0.82,0.00
"03/04/2017 03:25:00","PJM",61847,23.70,0.82,0.00
"03/04/2017 03:25:00","WEST",61752,22.45,-0.44,0.00
"03/04/2017 03:30:00","CAPITL",61757,24.50,1.60,0.00
"03/04/2017 03:30:00","CENTRL",61754,23.24,0.34,0.00
"03/04/2017 03:30:00","DUNWOD",61760,25.17,2.27,0.00
"03/04/2017 03:30:00","GENESE",61753,22.53,-0.37,0.00
"03/04/2017 03:30:00","H Q",61844,22.12,-0.78,0.00
"03/04/2017 03:30:00","HUD VL",61758,25.19,2.29,0.00
"03/04/2017 03:30:00","LONGIL",61762,25.79,2.89,0.00
"03/04/2017 03:30:00","MHK VL",61756,23.70,0.80,0.00
"03/04/2017 03:30:00","MILLWD",61759,25.21,2.31,0.00
"03/04/2017 03:30:00","N.Y.C.",61761,25.35,2.45,0.00
"03/04/2017 03:30:00","NORTH",61755,21.87,-1.03,0.00
"03/04/2017 03:30:00","NPX",61845,24.64,1.74,0.00
"03/04/2017 03:30:00","O H",61846,22.05,-0.85,0.00
"03/04/2017 03:30:00","PJM",61847,23.75,0.85,0.00
"03/04/2017 03:30:00","WEST",61752,22.44,-0.46,0.00
"03/04/2017 03:35:00","CAPITL",61757,25.36,1.47,-2.91
"03/04/2017 03:35:00","CENTRL",61754,21.52,0.25,-0.29
"03/04/2017 03:35:00","DUNWOD",61760,25.18,2.06,-2.14
"03/04/2017 03:35:00","GENESE",61753,20.83,-0.38,-0.23
"03/04/2017 03:35:00","H Q",61844,20.29,-0.69,0.00
"03/04/2017 03:35:00","HUD VL",61758,25.20,2.10,-2.12
"03/04/2017 03:35:00","LONGIL",61762,25.76,2.64,-2.14
"03/04/2017 03:35:00","MHK VL",61756,22.02,0.71,-0.33
"03/04/2017 03:35:00","MILLWD",61759,25.24,2.10,-2.17
"03/04/2017 03:35:00","N.Y.C.",61761,25.37,2.25,-2.14
"03/04/2017 03:35:00","NORTH",61755,20.10,-0.88,0.00
"03/04/2017 03:35:00","NPX",61845,25.14,1.59,-2.57
"03/04/2017 03:35:00","O H",61846,20.43,-0.86,-0.31
"03/04/2017 03:35:00","PJM",61847,22.83,0.69,-1.16
"03/04/2017 03:35:00","WEST",61752,20.77,-0.50,-0.30
"03/04/2017 03:40:00","CAPITL",61757,24.00,1.55,0.00
"03/04/2017 03:40:00","CENTRL",61754,22.76,0.31,0.00
"03/04/2017 03:40:00","DUNWOD",61760,24.67,2.22,0.00
"03/04/2017 03:40:00","GENESE",61753,22.11,-0.34,0.00
"03/04/2017 03:40:00","H Q",61844,21.68,-0.76,0.00
"03/04/2017 03:40:00","HUD VL",61758,24.69,2.24,0.00
"03/04/2017 03:40:00","LONGIL",61762,25.28,2.83,0.00
"03/04/2017 03:40:00","MHK VL",61756,23.23,0.79,0.00
"03/04/2017 03:40:00","MILLWD",61759,24.71,2.27,0.00
"03/04/2017 03:40:00","N.Y.C.",61761,24.85,2.40,0.00
"03/04/2017 03:40:00","NORTH",61755,21.46,-0.99,0.00
"03/04/2017 03:40:00","NPX",61845,24.15,1.71,0.00
"03/04/2017 03:40:00","O H",61846,21.62,-0.83,0.00
"03/04/2017 03:40:00","PJM",61847,23.25,0.81,0.00
"03/04/2017 03:40:00","WEST",61752,22.02,-0.43,0.00
"03/04/2017 03:45:00","CAPITL",61757,25.26,1.45,-2.80
"03/04/2017 03:45:00","CENTRL",61754,21.54,0.25,-0.28
"03/04/2017 03:45:00","DUNWOD",61760,25.16,2.08,-2.06
"03/04/2017 03:45:00","GENESE",61753,20.83,-0.40,-0.22
"03/04/2017 03:45:00","H Q",61844,20.32,-0.69,0.00
"03/04/2017 03:45:00","HUD VL",61758,25.16,2.10,-2.04
"03/04/2017 03:45:00","LONGIL",61762,25.74,2.67,-2.06
"03/04/2017 03:45:00","MHK VL",61756,22.05,0.71,-0.32
"03/04/2017 03:45:00","MILLWD",61759,25.22,2.12,-2.09
"03/04/2017 03:45:00","N.Y.C.",61761,25.34,2.27,-2.06
"03/04/2017 03:45:00","NORTH",61755,20.13,-0.88,0.00
"03/04/2017 03:45:00","NPX",61845,25.08,1.60,-2.48
"03/04/2017 03:45:00","O H",61846,20.45,-0.86,-0.30
"03/04/2017 03:45:00","PJM",61847,22.82,0.69,-1.12
"03/04/2017 03:45:00","WEST",61752,20.80,-0.50,-0.29
"03/04/2017 03:50:00","CAPITL",61757,25.28,1.45,-2.84
"03/04/2017 03:50:00","CENTRL",61754,21.52,0.25,-0.28
"03/04/2017 03:50:00","DUNWOD",61760,25.16,2.08,-2.09
"03/04/2017 03:50:00","GENESE",61753,20.83,-0.38,-0.22
"03/04/2017 03:50:00","H Q",61844,20.29,-0.69,0.00
"03/04/2017 03:50:00","HUD VL",61758,25.18,2.12,-2.08
"03/04/2017 03:50:00","LONGIL",61762,25.74,2.67,-2.09
"03/04/2017 03:50:00","MHK VL",61756,22.02,0.71,-0.32
"03/04/2017 03:50:00","MILLWD",61759,25.22,2.12,-2.12
"03/04/2017 03:50:00","N.Y.C.",61761,25.34,2.27,-2.09
"03/04/2017 03:50:00","NORTH",61755,20.10,-0.88,0.00
"03/04/2017 03:50:00","NPX",61845,25.09,1.59,-2.51
"03/04/2017 03:50:00","O H",61846,20.45,-0.84,-0.30
"03/04/2017 03:50:00","PJM",61847,22.83,0.71,-1.14
"03/04/2017 03:50:00","WEST",61752,20.80,-0.48,-0.29
"03/04/2017 03:55:00","CAPITL",61757,26.00,1.33,-5.38
"03/04/2017 03:55:00","CENTRL",61754,20.06,0.23,-0.53
"03/04/2017 03:55:00","DUNWOD",61760,25.18,1.93,-3.96
"03/04/2017 03:55:00","GENESE",61753,19.39,-0.33,-0.42
"03/04/2017 03:55:00","H Q",61844,18.66,-0.64,0.00
"03/04/2017 03:55:00","HUD VL",61758,25.17,1.95,-3.92
"03/04/2017 03:55:00","LONGIL",61762,25.70,2.45,-3.96
"03/04/2017 03:55:00","MHK VL",61756,20.58,0.68,-0.61
"03/04/2017 03:55:00","MILLWD",61759,25.25,1.95,-4.00
"03/04/2017 03:55:00","N.Y.C.",61761,25.34,2.08,-3.96
"03/04/2017 03:55:00","NORTH",61755,18.49,-0.81,0.00
"03/04/2017 03:55:00","NPX",61845,25.51,1.47,-4.75
"03/04/2017 03:55:00","O H",61846,19.10,-0.77,-0.58
"03/04/2017 03:55:00","PJM",61847,22.12,0.68,-2.15
"03/04/2017 03:55:00","WEST",61752,19.41,-0.44,-0.55
"03/04/2017 04:00:00","CAPITL",61757,25.01,1.61,0.00
"03/04/2017 04:00:00","CENTRL",61754,23.75,0.35,0.00
"03/04/2017 04:00:00","DUNWOD",61760,25.72,2.32,0.00
"03/04/2017 04:00:00","GENESE",61753,23.05,-0.35,0.00
"03/04/2017 04:00:00","H Q",61844,22.61,-0.80,0.00
"03/04/2017 04:00:00","HUD VL",61758,25.76,2.36,0.00
"03/04/2017 04:00:00","LONGIL",61762,26.37,2.97,0.00
"03/04/2017 04:00:00","MHK VL",61756,24.22,0.82,0.00
"03/04/2017 04:00:00","MILLWD",61759,25.76,2.36,0.00
"03/04/2017 04:00:00","N.Y.C.",61761,25.93,2.53,0.00
"03/04/2017 04:00:00","NORTH",61755,22.37,-1.03,0.00
"03/04/2017 04:00:00","NPX",61845,25.16,1.76,0.00
"03/04/2017 04:00:00","O H",61846,22.58,-0.82,0.00
"03/04/2017 04:00:00","PJM",61847,24.29,0.89,0.00
"03/04/2017 04:00:00","WEST",61752,22.96,-0.45,0.00
"03/04/2017 04:05:00","CAPITL",61757,26.62,1.66,-1.23
"03/04/2017 04:05:00","CENTRL",61754,24.18,0.33,-0.12
"03/04/2017 04:05:00","DUNWOD",61760,27.00,2.37,-0.91
"03/04/2017 04:05:00","GENESE",61753,23.44,-0.38,-0.10
"03/04/2017 04:05:00","H Q",61844,22.94,-0.78,0.00
"03/04/2017 04:05:00","HUD VL",61758,27.02,2.40,-0.90
"03/04/2017 04:05:00","LONGIL",61762,27.67,3.04,-0.91
"03/04/2017 04:05:00","MHK VL",61756,24.70,0.83,-0.14
"03/04/2017 04:05:00","MILLWD",61759,27.04,2.40,-0.92
"03/04/2017 04:05:00","N.Y.C.",61761,27.20,2.56,-0.91
"03/04/2017 04:05:00","NORTH",61755,22.71,-1.02,0.00
"03/04/2017 04:05:00","NPX",61845,26.62,1.80,-1.09
"03/04/2017 04:05:00","O H",61846,22.98,-0.88,-0.13
"03/04/2017 04:05:00","PJM",61847,25.07,0.85,-0.49
"03/04/2017 04:05:00","WEST",61752,23.35,-0.50,-0.13
"03/04/2017 04:10:00","CAPITL",61757,26.27,1.71,-0.10
"03/04/2017 04:10:00","CENTRL",61754,24.81,0.34,-0.01
"03/04/2017 04:10:00","DUNWOD",61760,26.98,2.45,-0.08
"03/04/2017 04:10:00","GENESE",61753,24.05,-0.42,-0.01
"03/04/2017 04:10:00","H Q",61844,23.65,-0.81,0.00
"03/04/2017 04:10:00","HUD VL",61758,27.00,2.47,-0.08
"03/04/2017 04:10:00","LONGIL",61762,27.69,3.16,-0.08
"03/04/2017 04:10:00","MHK VL",61756,25.32,0.86,-0.01
"03/04/2017 04:10:00","MILLWD",61759,27.03,2.50,-0.08
"03/04/2017 04:10:00","N.Y.C.",61761,27.20,2.67,-0.08
"03/04/2017 04:10:00","NORTH",61755,23.41,-1.05,0.00
"03/04/2017 04:10:00","NPX",61845,26.41,1.86,-0.09
"03/04/2017 04:10:00","O H",61846,23.51,-0.95,-0.01
"03/04/2017 04:10:00","PJM",61847,25.40,0.91,-0.04
"03/04/2017 04:10:00","WEST",61752,23.93,-0.54,-0.01
"03/04/2017 04:15:00","CAPITL",61757,26.33,1.70,-0.39
"03/04/2017 04:15:00","CENTRL",61754,24.60,0.31,-0.04
"03/04/2017 04:15:00","DUNWOD",61760,26.98,2.45,-0.29
"03/04/2017 04:15:00","GENESE",61753,23.86,-0.41,-0.03
"03/04/2017 04:15:00","H Q",61844,23.44,-0.80,0.00
"03/04/2017 04:15:00","HUD VL",61758,27.00,2.47,-0.28
"03/04/2017 04:15:00","LONGIL",61762,27.68,3.15,-0.29
"03/04/2017 04:15:00","MHK VL",61756,25.14,0.85,-0.04
"03/04/2017 04:15:00","MILLWD",61759,27.01,2.47,-0.29
"03/04/2017 04:15:00","N.Y.C.",61761,27.20,2.67,-0.29
"03/04/2017 04:15:00","NORTH",61755,23.20,-1.04,0.00
"03/04/2017 04:15:00","NPX",61845,26.43,1.84,-0.35
"03/04/2017 04:15:00","O H",61846,23.36,-0.92,-0.04
"03/04/2017 04:15:00","PJM",61847,25.30,0.90,-0.16
"03/04/2017 04:15:00","WEST",61752,23.75,-0.53,-0.04
"03/04/2017 04:20:00","CAPITL",61757,26.36,1.70,-0.41
"03/04/2017 04:20:00","CENTRL",61754,24.59,0.29,-0.04
"03/04/2017 04:20:00","DUNWOD",61760,26.98,2.43,-0.30
"03/04/2017 04:20:00","GENESE",61753,23.87,-0.41,-0.03
"03/04/2017 04:20:00","H Q",61844,23.46,-0.80,0.00
"03/04/2017 04:20:00","HUD VL",61758,27.00,2.45,-0.30
"03/04/2017 04:20:00","LONGIL",61762,27.68,3.13,-0.30
"03/04/2017 04:20:00","MHK VL",61756,25.15,0.85,-0.05
"03/04/2017 04:20:00","MILLWD",61759,27.03,2.48,-0.30
"03/04/2017 04:20:00","N.Y.C.",61761,27.20,2.64,-0.30
"03/04/2017 04:20:00","NORTH",61755,23.21,-1.04,0.00
"03/04/2017 04:20:00","NPX",61845,26.46,1.84,-0.36
"03/04/2017 04:20:00","O H",61846,23.33,-0.97,-0.04
"03/04/2017 04:20:00","PJM",61847,25.24,0.83,-0.16
"03/04/2017 04:20:00","WEST",61752,23.71,-0.58,-0.04
"03/04/2017 04:25:00","CAPITL",61757,26.26,1.71,-0.05
"03/04/2017 04:25:00","CENTRL",61754,24.81,0.32,-0.01
"03/04/2017 04:25:00","DUNWOD",61760,26.98,2.45,-0.04
"03/04/2017 04:25:00","GENESE",61753,24.05,-0.44,0.00
"03/04/2017 04:25:00","H Q",61844,23.68,-0.81,0.00
"03/04/2017 04:25:00","HUD VL",61758,27.00,2.47,-0.04
"03/04/2017 04:25:00","LONGIL",61762,27.69,3.16,-0.04
"03/04/2017 04:25:00","MHK VL",61756,25.35,0.86,-0.01
"03/04/2017 04:25:00","MILLWD",61759,27.03,2.50,-0.04
"03/04/2017 04:25:00","N.Y.C.",61761,27.20,2.67,-0.04
"03/04/2017 04:25:00","NORTH",61755,23.44,-1.05,0.00
"03/04/2017 04:25:00","NPX",61845,26.40,1.86,-0.05
"03/04/2017 04:25:00","O H",61846,23.51,-0.98,-0.01
"03/04/2017 04:25:00","PJM",61847,25.39,0.88,-0.02
"03/04/2017 04:25:00","WEST",61752,23.91,-0.59,-0.01
"03/04/2017 04:30:00","CAPITL",61757,26.39,1.70,-0.44
"03/04/2017 04:30:00","CENTRL",61754,24.61,0.31,-0.04
"03/04/2017 04:30:00","DUNWOD",61760,27.00,2.42,-0.33
"03/04/2017 04:30:00","GENESE",61753,23.87,-0.41,-0.03
"03/04/2017 04:30:00","H Q",61844,23.45,-0.80,0.00
"03/04/2017 04:30:00","HUD VL",61758,27.02,2.45,-0.32
"03/04/2017 04:30:00","LONGIL",61762,27.68,3.11,-0.33
"03/04/2017 04:30:00","MHK VL",61756,25.15,0.85,-0.05
"03/04/2017 04:30:00","MILLWD",61759,27.03,2.45,-0.33
"03/04/2017 04:30:00","N.Y.C.",61761,27.22,2.64,-0.33
"03/04/2017 04:30:00","NORTH",61755,23.19,-1.07,0.00
"03/04/2017 04:30:00","NPX",61845,26.49,1.84,-0.39
"03/04/2017 04:30:00","O H",61846,23.35,-0.95,-0.05
"03/04/2017 04:30:00","PJM",61847,25.28,0.85,-0.18
"03/04/2017 04:30:00","WEST",61752,23.72,-0.58,-0.05
"03/04/2017 04:35:00","CAPITL",61757,32.08,-0.10,-33.60
"03/04/2017 04:35:00","CENTRL",61754,1.89,-0.02,-3.33
"03/04/2017 04:35:00","DUNWOD",61760,23.16,-0.14,-24.72
"03/04/2017 04:35:00","GENESE",61753,1.25,0.02,-2.65
"03/04/2017 04:35:00","H Q",61844,-1.38,0.05,0.00
"03/04/2017 04:35:00","HUD VL",61758,22.95,-0.14,-24.51
"03/04/2017 04:35:00","LONGIL",61762,23.11,-0.18,-24.72
"03/04/2017 04:35:00","MHK VL",61756,2.32,-0.05,-3.80
"03/04/2017 04:35:00","MILLWD",61759,23.44,-0.15,-25.01
"03/04/2017 04:35:00","N.Y.C.",61761,23.15,-0.16,-24.73
"03/04/2017 04:35:00","NORTH",61755,-1.36,0.06,0.00
"03/04/2017 04:35:00","NPX",61845,28.15,-0.11,-29.68
"03/04/2017 04:35:00","O H",61846,2.23,0.05,-3.60
"03/04/2017 04:35:00","PJM",61847,11.94,-0.05,-13.41
"03/04/2017 04:35:00","WEST",61752,2.07,0.03,-3.46
"03/04/2017 04:40:00","CAPITL",61757,26.64,1.33,-6.04
"03/04/2017 04:40:00","CENTRL",61754,20.10,0.23,-0.60
"03/04/2017 04:40:00","DUNWOD",61760,25.66,1.95,-4.44
"03/04/2017 04:40:00","GENESE",61753,19.44,-0.31,-0.48
"03/04/2017 04:40:00","H Q",61844,18.61,-0.66,0.00
"03/04/2017 04:40:00","HUD VL",61758,25.64,1.97,-4.41
"03/04/2017 04:40:00","LONGIL",61762,26.22,2.50,-4.44
"03/04/2017 04:40:00","MHK VL",61756,20.63,0.67,-0.68
"03/04/2017 04:40:00","MILLWD",61759,25.75,1.99,-4.50
"03/04/2017 04:40:00","N.Y.C.",61761,25.83,2.12,-4.44
"03/04/2017 04:40:00","NORTH",61755,18.38,-0.89,0.00
"03/04/2017 04:40:00","NPX",61845,26.07,1.46,-5.34
"03/04/2017 04:40:00","O H",61846,19.15,-0.77,-0.65
"03/04/2017 04:40:00","PJM",61847,22.34,0.66,-2.41
"03/04/2017 04:40:00","WEST",61752,19.43,-0.46,-0.62
"03/04/2017 04:45:00","CAPITL",61757,26.66,1.35,-6.04
"03/04/2017 04:45:00","CENTRL",61754,20.12,0.25,-0.60
"03/04/2017 04:45:00","DUNWOD",61760,25.64,1.93,-4.44
"03/04/2017 04:45:00","GENESE",61753,19.44,-0.31,-0.48
"03/04/2017 04:45:00","H Q",61844,18.61,-0.66,0.00
"03/04/2017 04:45:00","HUD VL",61758,25.62,1.95,-4.41
"03/04/2017 04:45:00","LONGIL",61762,26.20,2.49,-4.44
"03/04/2017 04:45:00","MHK VL",61756,20.65,0.69,-0.68
"03/04/2017 04:45:00","MILLWD",61759,25.73,1.97,-4.50
"03/04/2017 04:45:00","N.Y.C.",61761,25.82,2.10,-4.44
"03/04/2017 04:45:00","NORTH",61755,18.36,-0.91,0.00
"03/04/2017 04:45:00","NPX",61845,26.07,1.46,-5.34
"03/04/2017 04:45:00","O H",61846,19.16,-0.75,-0.65
"03/04/2017 04:45:00","PJM",61847,22.35,0.67,-2.41
"03/04/2017 04:45:00","WEST",61752,19.45,-0.44,-0.62
"03/04/2017 04:50:00","CAPITL",61757,27.88,1.45,-5.73
"03/04/2017 04:50:00","CENTRL",61754,21.56,0.29,-0.57
"03/04/2017 04:50:00","DUNWOD",61760,26.99,2.07,-4.21
"03/04/2017 04:50:00","GENESE",61753,20.85,-0.31,-0.45
"03/04/2017 04:50:00","H Q",61844,20.00,-0.70,0.00
"03/04/2017 04:50:00","HUD VL",61758,26.97,2.09,-4.18
"03/04/2017 04:50:00","LONGIL",61762,27.61,2.69,-4.21
"03/04/2017 04:50:00","MHK VL",61756,22.10,0.74,-0.65
"03/04/2017 04:50:00","MILLWD",61759,27.08,2.11,-4.26
"03/04/2017 04:50:00","N.Y.C.",61761,27.18,2.26,-4.21
"03/04/2017 04:50:00","NORTH",61755,19.71,-0.99,0.00
"03/04/2017 04:50:00","NPX",61845,27.34,1.57,-5.06
"03/04/2017 04:50:00","O H",61846,20.53,-0.79,-0.61
"03/04/2017 04:50:00","PJM",61847,23.71,0.72,-2.29
"03/04/2017 04:50:00","WEST",61752,20.84,-0.46,-0.59
"03/04/2017 04:55:00","CAPITL",61757,27.91,1.41,-6.03
"03/04/2017 04:55:00","CENTRL",61754,21.34,0.27,-0.60
"03/04/2017 04:55:00","DUNWOD",61760,27.00,2.09,-4.43
"03/04/2017 04:55:00","GENESE",61753,20.60,-0.35,-0.47
"03/04/2017 04:55:00","H Q",61844,19.78,-0.70,0.00
"03/04/2017 04:55:00","HUD VL",61758,26.98,2.11,-4.40
"03/04/2017 04:55:00","LONGIL",61762,27.59,2.68,-4.43
"03/04/2017 04:55:00","MHK VL",61756,21.89,0.74,-0.68
"03/04/2017 04:55:00","MILLWD",61759,27.09,2.13,-4.49
"03/04/2017 04:55:00","N.Y.C.",61761,27.18,2.27,-4.44
"03/04/2017 04:55:00","NORTH",61755,19.51,-0.96,0.00
"03/04/2017 04:55:00","NPX",61845,27.35,1.56,-5.32
"03/04/2017 04:55:00","O H",61846,20.30,-0.82,-0.64
"03/04/2017 04:55:00","PJM",61847,23.61,0.74,-2.41
"03/04/2017 04:55:00","WEST",61752,20.58,-0.51,-0.62
"03/04/2017 05:00:00","CAPITL",61757,27.98,1.34,-7.42
"03/04/2017 05:00:00","CENTRL",61754,20.18,0.23,-0.74
"03/04/2017 05:00:00","DUNWOD",61760,26.64,1.96,-5.46
"03/04/2017 05:00:00","GENESE",61753,19.45,-0.35,-0.58
"03/04/2017 05:00:00","H Q",61844,18.56,-0.65,0.00
"03/04/2017 05:00:00","HUD VL",61758,26.61,1.98,-5.41
"03/04/2017 05:00:00","LONGIL",61762,27.19,2.52,-5.46
"03/04/2017 05:00:00","MHK VL",61756,20.74,0.69,-0.84
"03/04/2017 05:00:00","MILLWD",61759,26.74,2.00,-5.52
"03/04/2017 05:00:00","N.Y.C.",61761,26.81,2.13,-5.46
"03/04/2017 05:00:00","NORTH",61755,18.33,-0.88,0.00
"03/04/2017 05:00:00","NPX",61845,27.23,1.46,-6.56
"03/04/2017 05:00:00","O H",61846,19.18,-0.83,-0.79
"03/04/2017 05:00:00","PJM",61847,22.83,0.65,-2.96
"03/04/2017 05:00:00","WEST",61752,19.44,-0.54,-0.76
"03/04/2017 05:05:00","CAPITL",61757,26.19,1.71,0.00
"03/04/2017 05:05:00","CENTRL",61754,24.87,0.39,0.00
"03/04/2017 05:05:00","DUNWOD",61760,26.98,2.50,0.00
"03/04/2017 05:05:00","GENESE",61753,24.16,-0.32,0.00
"03/04/2017 05:05:00","H Q",61844,23.62,-0.86,0.00
"03/04/2017 05:05:00","HUD VL",61758,27.00,2.52,0.00
"03/04/2017 05:05:00","LONGIL",61762,27.69,3.21,0.00
"03/04/2017 05:05:00","MHK VL",61756,25.39,0.91,0.00
"03/04/2017 05:05:00","MILLWD",61759,27.03,2.55,0.00
"03/04/2017 05:05:00","N.Y.C.",61761,27.20,2.72,0.00
"03/04/2017 05:05:00","NORTH",61755,23.26,-1.22,0.00
"03/04/2017 05:05:00","NPX",61845,26.32,1.84,0.00
"03/04/2017 05:05:00","O H",61846,23.65,-0.83,0.00
"03/04/2017 05:05:00","PJM",61847,25.46,0.98,0.00
"03/04/2017 05:05:00","WEST",61752,24.04,-0.44,0.00
"03/04/2017 05:10:00","CAPITL",61757,25.67,1.68,0.00
"03/04/2017 05:10:00","CENTRL",61754,24.35,0.36,0.00
"03/04/2017 05:10:00","DUNWOD",61760,26.46,2.47,0.00
"03/04/2017 05:10:00","GENESE",61753,23.65,-0.34,0.00
"03/04/2017 05:10:00","H Q",61844,23.15,-0.84,0.00
"03/04/2017 05:10:00","HUD VL",61758,26.48,2.49,0.00
"03/04/2017 05:10:00","LONGIL",61762,27.15,3.17,0.00
"03/04/2017 05:10:00","MHK VL",61756,24.88,0.89,0.00
"03/04/2017 05:10:00","MILLWD",61759,26.51,2.52,0.00
"03/04/2017 05:10:00","N.Y.C.",61761,26.67,2.69,0.00
"03/04/2017 05:10:00","NORTH",61755,22.79,-1.20,0.00
"03/04/2017 05:10:00","NPX",61845,25.79,1.80,0.00
"03/04/2017 05:10:00","O H",61846,23.12,-0.86,0.00
"03/04/2017 05:10:00","PJM",61847,24.92,0.93,0.00
"03/04/2017 05:10:00","WEST",61752,23.51,-0.48,0.00
"03/04/2017 05:15:00","CAPITL",61757,48.78,-1.86,-77.92
"03/04/2017 05:15:00","CENTRL",61754,-19.90,-0.33,-7.71
"03/04/2017 05:15:00","DUNWOD",61760,27.23,-2.81,-57.32
"03/04/2017 05:15:00","GENESE",61753,-20.68,0.46,-6.14
"03/04/2017 05:15:00","H Q",61844,-26.35,0.93,0.00
"03/04/2017 05:15:00","HUD VL",61758,26.72,-2.84,-56.84
"03/04/2017 05:15:00","LONGIL",61762,26.43,-3.60,-57.32
"03/04/2017 05:15:00","MHK VL",61756,-19.51,-0.98,-8.75
"03/04/2017 05:15:00","MILLWD",61759,27.84,-2.86,-57.98
"03/04/2017 05:15:00","N.Y.C.",61761,26.99,-3.05,-57.33
"03/04/2017 05:15:00","NORTH",61755,-26.05,1.23,0.00
"03/04/2017 05:15:00","NPX",61845,39.48,-2.05,-68.81
"03/04/2017 05:15:00","O H",61846,-17.80,1.14,-8.34
"03/04/2017 05:15:00","PJM",61847,2.88,-0.93,-31.09
"03/04/2017 05:15:00","WEST",61752,-18.55,0.71,-8.02
"03/04/2017 05:20:00","CAPITL",61757,48.90,-1.87,-78.26
"03/04/2017 05:20:00","CENTRL",61754,-20.07,-0.33,-7.75
"03/04/2017 05:20:00","DUNWOD",61760,27.26,-2.83,-57.57
"03/04/2017 05:20:00","GENESE",61753,-20.88,0.44,-6.17
"03/04/2017 05:20:00","H Q",61844,-26.55,0.93,0.00
"03/04/2017 05:20:00","HUD VL",61758,26.75,-2.86,-57.09
"03/04/2017 05:20:00","LONGIL",61762,26.43,-3.66,-57.57
"03/04/2017 05:20:00","MHK VL",61756,-19.68,-0.99,-8.79
"03/04/2017 05:20:00","MILLWD",61759,27.87,-2.89,-58.24
"03/04/2017 05:20:00","N.Y.C.",61761,26.99,-3.10,-57.58
"03/04/2017 05:20:00","NORTH",61755,-26.17,1.32,0.00
"03/04/2017 05:20:00","NPX",61845,39.54,-2.09,-69.12
"03/04/2017 05:20:00","O H",61846,-17.96,1.15,-8.37
"03/04/2017 05:20:00","PJM",61847,2.81,-0.94,-31.23
"03/04/2017 05:20:00","WEST",61752,-18.71,0.71,-8.06
"03/04/2017 05:25:00","CAPITL",61757,42.43,-1.83,-70.86
"03/04/2017 05:25:00","CENTRL",61754,-19.93,-0.34,-7.01
"03/04/2017 05:25:00","DUNWOD",61760,22.80,-2.74,-52.13
"03/04/2017 05:25:00","GENESE",61753,-20.64,0.37,-5.58
"03/04/2017 05:25:00","H Q",61844,-25.66,0.93,0.00
"03/04/2017 05:25:00","HUD VL",61758,22.33,-2.77,-51.70
"03/04/2017 05:25:00","LONGIL",61762,22.00,-3.54,-52.13
"03/04/2017 05:25:00","MHK VL",61756,-19.62,-0.98,-7.96
"03/04/2017 05:25:00","MILLWD",61759,23.35,-2.79,-52.74
"03/04/2017 05:25:00","N.Y.C.",61761,22.57,-2.98,-52.14
"03/04/2017 05:25:00","NORTH",61755,-25.18,1.41,0.00
"03/04/2017 05:25:00","NPX",61845,33.97,-2.02,-62.59
"03/04/2017 05:25:00","O H",61846,-17.98,1.04,-7.58
"03/04/2017 05:25:00","PJM",61847,0.75,-0.93,-28.28
"03/04/2017 05:25:00","WEST",61752,-18.69,0.61,-7.30
"03/04/2017 05:30:00","CAPITL",61757,-26.83,-1.73,0.00
"03/04/2017 05:30:00","CENTRL",61754,-25.48,-0.38,0.00
"03/04/2017 05:30:00","DUNWOD",61760,-27.71,-2.61,0.00
"03/04/2017 05:30:00","GENESE",61753,-24.82,0.28,0.00
"03/04/2017 05:30:00","H Q",61844,-24.22,0.88,0.00
"03/04/2017 05:30:00","HUD VL",61758,-27.73,-2.63,0.00
"03/04/2017 05:30:00","LONGIL",61762,-28.46,-3.36,0.00
"03/04/2017 05:30:00","MHK VL",61756,-26.03,-0.93,0.00
"03/04/2017 05:30:00","MILLWD",61759,-27.76,-2.66,0.00
"03/04/2017 05:30:00","N.Y.C.",61761,-27.94,-2.84,0.00
"03/04/2017 05:30:00","NORTH",61755,-23.69,1.41,0.00
"03/04/2017 05:30:00","NPX",61845,-27.01,-1.91,0.00
"03/04/2017 05:30:00","O H",61846,-24.22,0.88,0.00
"03/04/2017 05:30:00","PJM",61847,-26.00,-0.90,0.00
"03/04/2017 05:30:00","WEST",61752,-24.65,0.45,0.00
"03/04/2017 05:35:00","CAPITL",61757,-27.00,-1.72,0.00
"03/04/2017 05:35:00","CENTRL",61754,-25.71,-0.43,0.00
"03/04/2017 05:35:00","DUNWOD",61760,-27.91,-2.63,0.00
"03/04/2017 05:35:00","GENESE",61753,-25.13,0.15,0.00
"03/04/2017 05:35:00","H Q",61844,-24.37,0.91,0.00
"03/04/2017 05:35:00","HUD VL",61758,-27.93,-2.65,0.00
"03/04/2017 05:35:00","LONGIL",61762,-28.67,-3.39,0.00
"03/04/2017 05:35:00","MHK VL",61756,-26.21,-0.94,0.00
"03/04/2017 05:35:00","MILLWD",61759,-27.96,-2.68,0.00
"03/04/2017 05:35:00","N.Y.C.",61761,-28.13,-2.86,0.00
"03/04/2017 05:35:00","NORTH",61755,-23.81,1.47,0.00
"03/04/2017 05:35:00","NPX",61845,-27.15,-1.87,0.00
"03/04/2017 05:35:00","O H",61846,-24.54,0.73,0.00
"03/04/2017 05:35:00","PJM",61847,-26.24,-0.96,0.00
"03/04/2017 05:35:00","WEST",61752,-25.00,0.28,0.00
"03/04/2017 05:40:00","CAPITL",61757,-22.63,-1.42,0.00
"03/04/2017 05:40:00","CENTRL",61754,-21.57,-0.36,0.00
"03/04/2017 05:40:00","DUNWOD",61760,-23.41,-2.21,0.00
"03/04/2017 05:40:00","GENESE",61753,-21.08,0.13,0.00
"03/04/2017 05:40:00","H Q",61844,-20.44,0.76,0.00
"03/04/2017 05:40:00","HUD VL",61758,-23.43,-2.23,0.00
"03/04/2017 05:40:00","LONGIL",61762,-24.07,-2.86,0.00
"03/04/2017 05:40:00","MHK VL",61756,-21.99,-0.79,0.00
"03/04/2017 05:40:00","MILLWD",61759,-23.45,-2.25,0.00
"03/04/2017 05:40:00","N.Y.C.",61761,-23.62,-2.42,0.00
"03/04/2017 05:40:00","NORTH",61755,-19.98,1.23,0.00
"03/04/2017 05:40:00","NPX",61845,-22.75,-1.55,0.00
"03/04/2017 05:40:00","O H",61846,-20.57,0.64,0.00
"03/04/2017 05:40:00","PJM",61847,-21.99,-0.79,0.00
"03/04/2017 05:40:00","WEST",61752,-20.95,0.25,0.00
"03/04/2017 05:45:00","CAPITL",61757,-28.75,-1.81,0.00
"03/04/2017 05:45:00","CENTRL",61754,-27.48,-0.54,0.00
"03/04/2017 05:45:00","DUNWOD",61760,-29.72,-2.78,0.00
"03/04/2017 05:45:00","GENESE",61753,-26.89,0.05,0.00
"03/04/2017 05:45:00","H Q",61844,-25.97,0.97,0.00
"03/04/2017 05:45:00","HUD VL",61758,-29.74,-2.80,0.00
"03/04/2017 05:45:00","LONGIL",61762,-30.55,-3.61,0.00
"03/04/2017 05:45:00","MHK VL",61756,-27.94,-1.00,0.00
"03/04/2017 05:45:00","MILLWD",61759,-29.77,-2.83,0.00
"03/04/2017 05:45:00","N.Y.C.",61761,-29.96,-3.02,0.00
"03/04/2017 05:45:00","NORTH",61755,-25.38,1.56,0.00
"03/04/2017 05:45:00","NPX",61845,-28.88,-1.94,0.00
"03/04/2017 05:45:00","O H",61846,-26.29,0.65,0.00
"03/04/2017 05:45:00","PJM",61847,-27.99,-1.05,0.00
"03/04/2017 05:45:00","WEST",61752,-26.83,0.11,0.00
"03/04/2017 05:50:00","CAPITL",61757,-33.88,-2.07,0.00
"03/04/2017 05:50:00","CENTRL",61754,-32.39,-0.57,0.00
"03/04/2017 05:50:00","DUNWOD",61760,-35.06,-3.25,0.00
"03/04/2017 05:50:00","GENESE",61753,-31.69,0.13,0.00
"03/04/2017 05:50:00","H Q",61844,-30.73,1.08,0.00
"03/04/2017 05:50:00","HUD VL",61758,-35.06,-3.25,0.00
"03/04/2017 05:50:00","LONGIL",61762,-36.04,-4.23,0.00
"03/04/2017 05:50:00","MHK VL",61756,-32.99,-1.18,0.00
"03/04/2017 05:50:00","MILLWD",61759,-35.12,-3.31,0.00
"03/04/2017 05:50:00","N.Y.C.",61761,-35.34,-3.53,0.00
"03/04/2017 05:50:00","NORTH",61755,-30.25,1.56,0.00
"03/04/2017 05:50:00","NPX",61845,-34.81,-2.26,0.74
"03/04/2017 05:50:00","O H",61846,-30.95,0.86,0.00
"03/04/2017 05:50:00","PJM",61847,-32.99,-1.18,0.00
"03/04/2017 05:50:00","WEST",61752,-31.56,0.26,0.00
"03/04/2017 05:55:00","CAPITL",61757,-28.48,-1.71,0.00
"03/04/2017 05:55:00","CENTRL",61754,-27.38,-0.62,0.00
"03/04/2017 05:55:00","DUNWOD",61760,-29.47,-2.70,0.00
"03/04/2017 05:55:00","GENESE",61753,-26.79,-0.03,0.00
"03/04/2017 05:55:00","H Q",61844,-25.80,0.96,0.00
"03/04/2017 05:55:00","HUD VL",61758,-29.50,-2.73,0.00
"03/04/2017 05:55:00","LONGIL",61762,-30.33,-3.56,0.00
"03/04/2017 05:55:00","MHK VL",61756,-27.81,-1.04,0.00
"03/04/2017 05:55:00","MILLWD",61759,-29.53,-2.76,0.00
"03/04/2017 05:55:00","N.Y.C.",61761,-29.71,-2.94,0.00
"03/04/2017 05:55:00","NORTH",61755,-25.30,1.47,0.00
"03/04/2017 05:55:00","NPX",61845,-29.35,-1.85,0.74
"03/04/2017 05:55:00","O H",61846,-26.29,0.48,0.00
"03/04/2017 05:55:00","PJM",61847,-27.92,-1.15,0.00
"03/04/2017 05:55:00","WEST",61752,-26.82,-0.05,0.00
"03/04/2017 06:00:00","CAPITL",61757,-28.23,-1.72,0.00
"03/04/2017 06:00:00","CENTRL",61754,-26.99,-0.48,0.00
"03/04/2017 06:00:00","DUNWOD",61760,-29.27,-2.76,0.00
"03/04/2017 06:00:00","GENESE",61753,-26.27,0.24,0.00
"03/04/2017 06:00:00","H Q",61844,-25.61,0.90,0.00
"03/04/2017 06:00:00","HUD VL",61758,-29.27,-2.76,0.00
"03/04/2017 06:00:00","LONGIL",61762,-30.14,-3.63,0.00
"03/04/2017 06:00:00","MHK VL",61756,-27.57,-1.06,0.00
"03/04/2017 06:00:00","MILLWD",61759,-29.32,-2.81,0.00
"03/04/2017 06:00:00","N.Y.C.",61761,-29.53,-3.02,0.00
"03/04/2017 06:00:00","NORTH",61755,-25.24,1.27,0.00
"03/04/2017 06:00:00","NPX",61845,-29.16,-1.91,0.74
"03/04/2017 06:00:00","O H",61846,-25.58,0.93,0.00
"03/04/2017 06:00:00","PJM",61847,-27.46,-0.95,0.00
"03/04/2017 06:00:00","WEST",61752,-26.08,0.43,0.00
"03/04/2017 06:05:00","CAPITL",61757,-20.70,-1.77,-7.44
"03/04/2017 06:05:00","CENTRL",61754,-25.98,-0.34,-0.74
"03/04/2017 06:05:00","DUNWOD",61760,-23.69,-2.79,-5.47
"03/04/2017 06:05:00","GENESE",61753,-25.36,0.42,-0.59
"03/04/2017 06:05:00","H Q",61844,-25.47,0.90,0.00
"03/04/2017 06:05:00","HUD VL",61758,-23.77,-2.82,-5.43
"03/04/2017 06:05:00","LONGIL",61762,-24.62,-3.72,-5.47
"03/04/2017 06:05:00","MHK VL",61756,-26.56,-1.03,-0.84
"03/04/2017 06:05:00","MILLWD",61759,-23.68,-2.85,-5.54
"03/04/2017 06:05:00","N.Y.C.",61761,-23.95,-3.06,-5.48
"03/04/2017 06:05:00","NORTH",61755,-24.97,1.40,0.00
"03/04/2017 06:05:00","NPX",61845,-12.47,-2.00,-15.90
"03/04/2017 06:05:00","O H",61846,-24.34,1.24,-0.80
"03/04/2017 06:05:00","PJM",61847,-24.22,-0.82,-2.97
"03/04/2017 06:05:00","WEST",61752,-24.84,0.77,-0.77
"03/04/2017 06:10:00","CAPITL",61757,-26.31,-1.68,0.00
"03/04/2017 06:10:00","CENTRL",61754,-25.07,-0.44,0.00
"03/04/2017 06:10:00","DUNWOD",61760,-27.22,-2.59,0.00
"03/04/2017 06:10:00","GENESE",61753,-24.43,0.20,0.00
"03/04/2017 06:10:00","H Q",61844,-23.74,0.89,0.00
"03/04/2017 06:10:00","HUD VL",61758,-27.24,-2.61,0.00
"03/04/2017 06:10:00","LONGIL",61762,-28.08,-3.45,0.00
"03/04/2017 06:10:00","MHK VL",61756,-25.64,-1.01,0.00
"03/04/2017 06:10:00","MILLWD",61759,-27.27,-2.64,0.00
"03/04/2017 06:10:00","N.Y.C.",61761,-27.46,-2.83,0.00
"03/04/2017 06:10:00","NORTH",61755,-23.25,1.38,0.00
"03/04/2017 06:10:00","NPX",61845,-17.15,-1.85,-9.33
"03/04/2017 06:10:00","O H",61846,-23.79,0.84,0.00
"03/04/2017 06:10:00","PJM",61847,-25.57,-0.94,0.00
"03/04/2017 06:10:00","WEST",61752,-24.23,0.40,0.00
"03/04/2017 06:15:00","CAPITL",61757,-22.57,-1.46,-0.07
"03/04/2017 06:15:00","CENTRL",61754,-21.53,-0.36,-0.01
"03/04/2017 06:15:00","DUNWOD",61760,-23.37,-2.24,-0.05
"03/04/2017 06:15:00","GENESE",61753,-20.94,0.23,-0.01
"03/04/2017 06:15:00","H Q",61844,-20.41,0.76,0.00
"03/04/2017 06:15:00","HUD VL",61758,-23.37,-2.24,-0.05
"03/04/2017 06:15:00","LONGIL",61762,-24.11,-2.99,-0.05
"03/04/2017 06:15:00","MHK VL",61756,-22.01,-0.85,-0.01
"03/04/2017 06:15:00","MILLWD",61759,-23.41,-2.29,-0.05
"03/04/2017 06:15:00","N.Y.C.",61761,-23.56,-2.43,-0.05
"03/04/2017 06:15:00","NORTH",61755,-20.03,1.14,0.00
"03/04/2017 06:15:00","NPX",61845,-13.41,-1.63,-9.39
"03/04/2017 06:15:00","O H",61846,-20.38,0.78,-0.01
"03/04/2017 06:15:00","PJM",61847,-21.93,-0.78,-0.03
"03/04/2017 06:15:00","WEST",61752,-20.76,0.40,-0.01
"03/04/2017 06:20:00","CAPITL",61757,5.35,0.14,-3.20
"03/04/2017 06:20:00","CENTRL",61754,2.37,0.03,-0.32
"03/04/2017 06:20:00","DUNWOD",61760,4.58,0.21,-2.35
"03/04/2017 06:20:00","GENESE",61753,2.25,-0.02,-0.25
"03/04/2017 06:20:00","H Q",61844,1.95,-0.07,0.00
"03/04/2017 06:20:00","HUD VL",61758,4.57,0.21,-2.33
"03/04/2017 06:20:00","LONGIL",61762,4.65,0.28,-2.35
"03/04/2017 06:20:00","MHK VL",61756,2.46,0.08,-0.35
"03/04/2017 06:20:00","MILLWD",61759,4.61,0.22,-2.38
"03/04/2017 06:20:00","N.Y.C.",61761,4.60,0.23,-2.35
"03/04/2017 06:20:00","NORTH",61755,1.91,-0.11,0.00
"03/04/2017 06:20:00","NPX",61845,5.00,0.16,-2.82
"03/04/2017 06:20:00","O H",61846,2.29,-0.07,-0.34
"03/04/2017 06:20:00","PJM",61847,3.37,0.07,-1.28
"03/04/2017 06:20:00","WEST",61752,2.31,-0.03,-0.33
"03/04/2017 06:25:00","CAPITL",61757,26.94,1.02,-11.11
"03/04/2017 06:25:00","CENTRL",61754,16.14,0.22,-1.10
"03/04/2017 06:25:00","DUNWOD",61760,24.54,1.55,-8.17
"03/04/2017 06:25:00","GENESE",61753,15.53,-0.16,-0.88
"03/04/2017 06:25:00","H Q",61844,14.29,-0.52,0.00
"03/04/2017 06:25:00","HUD VL",61758,24.49,1.57,-8.10
"03/04/2017 06:25:00","LONGIL",61762,25.06,2.07,-8.17
"03/04/2017 06:25:00","MHK VL",61756,16.62,0.58,-1.23
"03/04/2017 06:25:00","MILLWD",61759,24.68,1.60,-8.27
"03/04/2017 06:25:00","N.Y.C.",61761,24.69,1.70,-8.17
"03/04/2017 06:25:00","NORTH",61755,14.01,-0.80,0.00
"03/04/2017 06:25:00","NPX",61845,25.78,1.16,-9.81
"03/04/2017 06:25:00","O H",61846,15.41,-0.59,-1.19
"03/04/2017 06:25:00","PJM",61847,19.75,0.50,-4.43
"03/04/2017 06:25:00","WEST",61752,15.62,-0.34,-1.14
"03/04/2017 06:30:00","CAPITL",61757,22.65,1.46,0.00
"03/04/2017 06:30:00","CENTRL",61754,21.57,0.38,0.00
"03/04/2017 06:30:00","DUNWOD",61760,23.43,2.24,0.00
"03/04/2017 06:30:00","GENESE",61753,20.99,-0.19,0.00
"03/04/2017 06:30:00","H Q",61844,20.40,-0.78,0.00
"03/04/2017 06:30:00","HUD VL",61758,23.43,2.24,0.00
"03/04/2017 06:30:00","LONGIL",61762,24.17,2.99,0.00
"03/04/2017 06:30:00","MHK VL",61756,22.05,0.87,0.00
"03/04/2017 06:30:00","MILLWD",61759,23.47,2.29,0.00
"03/04/2017 06:30:00","N.Y.C.",61761,23.62,2.44,0.00
"03/04/2017 06:30:00","NORTH",61755,20.00,-1.19,0.00
"03/04/2017 06:30:00","NPX",61845,22.84,1.65,0.00
"03/04/2017 06:30:00","O H",61846,20.42,-0.76,0.00
"03/04/2017 06:30:00","PJM",61847,21.97,0.78,0.00
"03/04/2017 06:30:00","WEST",61752,20.78,-0.40,0.00
"03/04/2017 06:35:00","CAPITL",61757,18.32,1.20,0.00
"03/04/2017 06:35:00","CENTRL",61754,17.43,0.31,0.00
"03/04/2017 06:35:00","DUNWOD",61760,18.92,1.80,0.00
"03/04/2017 06:35:00","GENESE",61753,17.01,-0.12,0.00
"03/04/2017 06:35:00","H Q",61844,16.49,-0.63,0.00
"03/04/2017 06:35:00","HUD VL",61758,18.94,1.81,0.00
"03/04/2017 06:35:00","LONGIL",61762,19.52,2.40,0.00
"03/04/2017 06:35:00","MHK VL",61756,17.83,0.70,0.00
"03/04/2017 06:35:00","MILLWD",61759,18.98,1.85,0.00
"03/04/2017 06:35:00","N.Y.C.",61761,19.08,1.95,0.00
"03/04/2017 06:35:00","NORTH",61755,16.15,-0.98,0.00
"03/04/2017 06:35:00","NPX",61845,18.46,1.34,0.00
"03/04/2017 06:35:00","O H",61846,16.54,-0.58,0.00
"03/04/2017 06:35:00","PJM",61847,17.78,0.65,0.00
"03/04/2017 06:35:00","WEST",61752,16.85,-0.27,0.00
"03/04/2017 06:40:00","CAPITL",61757,5.26,0.34,0.00
"03/04/2017 06:40:00","CENTRL",61754,5.00,0.08,0.00
"03/04/2017 06:40:00","DUNWOD",61760,5.43,0.52,0.00
"03/04/2017 06:40:00","GENESE",61753,4.88,-0.03,0.00
"03/04/2017 06:40:00","H Q",61844,4.73,-0.18,0.00
"03/04/2017 06:40:00","HUD VL",61758,5.44,0.52,0.00
"03/04/2017 06:40:00","LONGIL",61762,5.60,0.69,0.00
"03/04/2017 06:40:00","MHK VL",61756,5.12,0.20,0.00
"03/04/2017 06:40:00","MILLWD",61759,5.45,0.53,0.00
"03/04/2017 06:40:00","N.Y.C.",61761,5.48,0.56,0.00
"03/04/2017 06:40:00","NORTH",61755,4.63,-0.29,0.00
"03/04/2017 06:40:00","NPX",61845,5.29,0.38,0.00
"03/04/2017 06:40:00","O H",61846,4.75,-0.17,0.00
"03/04/2017 06:40:00","PJM",61847,5.10,0.18,0.00
"03/04/2017 06:40:00","WEST",61752,4.84,-0.08,0.00
"03/04/2017 06:45:00","CAPITL",61757,19.61,1.26,0.00
"03/04/2017 06:45:00","CENTRL",61754,18.69,0.35,0.00
"03/04/2017 06:45:00","DUNWOD",61760,20.27,1.93,0.00
"03/04/2017 06:45:00","GENESE",61753,18.23,-0.11,0.00
"03/04/2017 06:45:00","H Q",61844,17.66,-0.68,0.00
"03/04/2017 06:45:00","HUD VL",61758,20.29,1.94,0.00
"03/04/2017 06:45:00","LONGIL",61762,20.91,2.57,0.00
"03/04/2017 06:45:00","MHK VL",61756,19.11,0.77,0.00
"03/04/2017 06:45:00","MILLWD",61759,20.32,1.98,0.00
"03/04/2017 06:45:00","N.Y.C.",61761,20.43,2.09,0.00
"03/04/2017 06:45:00","NORTH",61755,17.28,-1.06,0.00
"03/04/2017 06:45:00","NPX",61845,19.75,1.41,0.00
"03/04/2017 06:45:00","O H",61846,17.75,-0.59,0.00
"03/04/2017 06:45:00","PJM",61847,19.06,0.71,0.00
"03/04/2017 06:45:00","WEST",61752,18.09,-0.26,0.00
"03/04/2017 06:50:00","CAPITL",61757,18.32,1.18,0.00
"03/04/2017 06:50:00","CENTRL",61754,17.47,0.32,0.00
"03/04/2017 06:50:00","DUNWOD",61760,18.94,1.80,0.00
"03/04/2017 06:50:00","GENESE",61753,17.04,-0.10,0.00
"03/04/2017 06:50:00","H Q",61844,16.51,-0.63,0.00
"03/04/2017 06:50:00","HUD VL",61758,18.96,1.82,0.00
"03/04/2017 06:50:00","LONGIL",61762,19.54,2.40,0.00
"03/04/2017 06:50:00","MHK VL",61756,17.86,0.72,0.00
"03/04/2017 06:50:00","MILLWD",61759,18.99,1.85,0.00
"03/04/2017 06:50:00","N.Y.C.",61761,19.11,1.97,0.00
"03/04/2017 06:50:00","NORTH",61755,16.13,-1.01,0.00
"03/04/2017 06:50:00","NPX",61845,18.46,1.32,0.00
"03/04/2017 06:50:00","O H",61846,16.59,-0.55,0.00
"03/04/2017 06:50:00","PJM",61847,17.81,0.67,0.00
"03/04/2017 06:50:00","WEST",61752,16.90,-0.24,0.00
"03/04/2017 06:55:00","CAPITL",61757,18.34,1.18,0.00
"03/04/2017 06:55:00","CENTRL",61754,17.43,0.27,0.00
"03/04/2017 06:55:00","DUNWOD",61760,18.93,1.77,0.00
"03/04/2017 06:55:00","GENESE",61753,16.99,-0.17,0.00
"03/04/2017 06:55:00","H Q",61844,16.56,-0.60,0.00
"03/04/2017 06:55:00","HUD VL",61758,18.94,1.78,0.00
"03/04/2017 06:55:00","LONGIL",61762,19.53,2.37,0.00
"03/04/2017 06:55:00","MHK VL",61756,17.86,0.70,0.00
"03/04/2017 06:55:00","MILLWD",61759,18.98,1.82,0.00
"03/04/2017 06:55:00","N.Y.C.",61761,19.08,1.92,0.00
"03/04/2017 06:55:00","NORTH",61755,16.21,-0.94,0.00
"03/04/2017 06:55:00","NPX",61845,18.46,1.30,0.00
"03/04/2017 06:55:00","O H",61846,16.49,-0.67,0.00
"03/04/2017 06:55:00","PJM",61847,17.76,0.60,0.00
"03/04/2017 06:55:00","WEST",61752,16.80,-0.36,0.00
"03/04/2017 07:00:00","CAPITL",61757,29.45,-1.86,-58.31
"03/04/2017 07:00:00","CENTRL",61754,-21.59,-0.38,-5.79
"03/04/2017 07:00:00","DUNWOD",61760,13.09,-2.81,-42.90
"03/04/2017 07:00:00","GENESE",61753,-21.94,0.46,-4.60
"03/04/2017 07:00:00","H Q",61844,-26.08,0.92,0.00
"03/04/2017 07:00:00","HUD VL",61758,12.71,-2.83,-42.54
"03/04/2017 07:00:00","LONGIL",61762,12.12,-3.78,-42.89
"03/04/2017 07:00:00","MHK VL",61756,-21.64,-1.11,-6.47
"03/04/2017 07:00:00","MILLWD",61759,13.51,-2.89,-43.40
"03/04/2017 07:00:00","N.Y.C.",61761,12.86,-3.05,-42.90
"03/04/2017 07:00:00","NORTH",61755,-25.57,1.43,0.00
"03/04/2017 07:00:00","NPX",61845,22.42,-2.08,-51.50
"03/04/2017 07:00:00","O H",61846,-19.46,1.30,-6.24
"03/04/2017 07:00:00","PJM",61847,-4.65,-0.92,-23.27
"03/04/2017 07:00:00","WEST",61752,-20.15,0.84,-6.01
"03/04/2017 07:05:00","CAPITL",61757,29.37,-1.35,-50.02
"03/04/2017 07:05:00","CENTRL",61754,-14.62,-0.29,-4.97
"03/04/2017 07:05:00","DUNWOD",61760,15.51,-1.99,-36.80
"03/04/2017 07:05:00","GENESE",61753,-15.04,0.31,-3.95
"03/04/2017 07:05:00","H Q",61844,-18.62,0.68,0.00
"03/04/2017 07:05:00","HUD VL",61758,15.16,-1.99,-36.45
"03/04/2017 07:05:00","LONGIL",61762,14.83,-2.66,-36.79
"03/04/2017 07:05:00","MHK VL",61756,-14.55,-0.81,-5.55
"03/04/2017 07:05:00","MILLWD",61759,15.88,-2.04,-37.23
"03/04/2017 07:05:00","N.Y.C.",61761,15.36,-2.14,-36.80
"03/04/2017 07:05:00","NORTH",61755,-18.23,1.06,0.00
"03/04/2017 07:05:00","NPX",61845,23.37,-1.51,-44.17
"03/04/2017 07:05:00","O H",61846,-13.05,0.89,-5.35
"03/04/2017 07:05:00","PJM",61847,-0.01,-0.68,-19.96
"03/04/2017 07:05:00","WEST",61752,-13.58,0.56,-5.15
"03/04/2017 07:10:00","CAPITL",61757,28.61,0.36,-23.05
"03/04/2017 07:10:00","CENTRL",61754,7.58,0.08,-2.29
"03/04/2017 07:10:00","DUNWOD",61760,22.70,0.54,-16.95
"03/04/2017 07:10:00","GENESE",61753,6.95,-0.07,-1.82
"03/04/2017 07:10:00","H Q",61844,5.02,-0.18,0.00
"03/04/2017 07:10:00","HUD VL",61758,22.54,0.54,-16.79
"03/04/2017 07:10:00","LONGIL",61762,22.88,0.72,-16.95
"03/04/2017 07:10:00","MHK VL",61756,7.98,0.22,-2.56
"03/04/2017 07:10:00","MILLWD",61759,22.91,0.56,-17.15
"03/04/2017 07:10:00","N.Y.C.",61761,22.74,0.58,-16.96
"03/04/2017 07:10:00","NORTH",61755,4.91,-0.29,0.00
"03/04/2017 07:10:00","NPX",61845,25.97,0.41,-20.35
"03/04/2017 07:10:00","O H",61846,7.45,-0.22,-2.47
"03/04/2017 07:10:00","PJM",61847,14.60,0.19,-9.20
"03/04/2017 07:10:00","WEST",61752,7.44,-0.14,-2.38
"03/04/2017 07:15:00","CAPITL",61757,28.51,0.64,-19.04
"03/04/2017 07:15:00","CENTRL",61754,10.84,0.11,-1.89
"03/04/2017 07:15:00","DUNWOD",61760,23.78,0.94,-14.00
"03/04/2017 07:15:00","GENESE",61753,10.15,-0.19,-1.50
"03/04/2017 07:15:00","H Q",61844,8.53,-0.31,0.00
"03/04/2017 07:15:00","HUD VL",61758,23.65,0.94,-13.87
"03/04/2017 07:15:00","LONGIL",61762,24.09,1.25,-14.00
"03/04/2017 07:15:00","MHK VL",61756,11.26,0.36,-2.06
"03/04/2017 07:15:00","MILLWD",61759,23.97,0.96,-14.17
"03/04/2017 07:15:00","N.Y.C.",61761,23.85,1.01,-14.00
"03/04/2017 07:15:00","NORTH",61755,8.35,-0.49,0.00
"03/04/2017 07:15:00","NPX",61845,26.36,0.72,-16.81
"03/04/2017 07:15:00","O H",61846,10.41,-0.47,-2.04
"03/04/2017 07:15:00","PJM",61847,16.72,0.29,-7.60
"03/04/2017 07:15:00","WEST",61752,10.48,-0.32,-1.96
"03/04/2017 07:20:00","CAPITL",61757,29.48,0.81,-17.49
"03/04/2017 07:20:00","CENTRL",61754,13.07,0.15,-1.73
"03/04/2017 07:20:00","DUNWOD",61760,25.22,1.17,-12.86
"03/04/2017 07:20:00","GENESE",61753,12.33,-0.24,-1.38
"03/04/2017 07:20:00","H Q",61844,10.81,-0.38,0.00
"03/04/2017 07:20:00","HUD VL",61758,25.11,1.17,-12.74
"03/04/2017 07:20:00","LONGIL",61762,25.63,1.58,-12.86
"03/04/2017 07:20:00","MHK VL",61756,13.55,0.47,-1.89
"03/04/2017 07:20:00","MILLWD",61759,25.41,1.21,-13.02
"03/04/2017 07:20:00","N.Y.C.",61761,25.32,1.26,-12.86
"03/04/2017 07:20:00","NORTH",61755,10.58,-0.60,0.00
"03/04/2017 07:20:00","NPX",61845,28.19,0.92,-16.09
"03/04/2017 07:20:00","O H",61846,12.45,-0.60,-1.87
"03/04/2017 07:20:00","PJM",61847,18.52,0.36,-6.98
"03/04/2017 07:20:00","WEST",61752,12.56,-0.43,-1.80
"03/04/2017 07:25:00","CAPITL",61757,30.61,0.62,-21.42
"03/04/2017 07:25:00","CENTRL",61754,10.80,0.12,-2.13
"03/04/2017 07:25:00","DUNWOD",61760,25.22,0.91,-15.76
"03/04/2017 07:25:00","GENESE",61753,10.10,-0.15,-1.69
"03/04/2017 07:25:00","H Q",61844,8.26,-0.30,0.00
"03/04/2017 07:25:00","HUD VL",61758,25.08,0.91,-15.61
"03/04/2017 07:25:00","LONGIL",61762,25.53,1.21,-15.76
"03/04/2017 07:25:00","MHK VL",61756,11.23,0.36,-2.31
"03/04/2017 07:25:00","MILLWD",61759,25.44,0.93,-15.94
"03/04/2017 07:25:00","N.Y.C.",61761,25.29,0.98,-15.76
"03/04/2017 07:25:00","NORTH",61755,8.09,-0.47,0.00
"03/04/2017 07:25:00","NPX",61845,28.83,0.71,-19.56
"03/04/2017 07:25:00","O H",61846,10.42,-0.43,-2.29
"03/04/2017 07:25:00","PJM",61847,17.40,0.29,-8.55
"03/04/2017 07:25:00","WEST",61752,10.48,-0.28,-2.21
"03/04/2017 07:30:00","CAPITL",61757,29.40,0.82,-17.35
"03/04/2017 07:30:00","CENTRL",61754,13.09,0.15,-1.72
"03/04/2017 07:30:00","DUNWOD",61760,25.21,1.22,-12.77
"03/04/2017 07:30:00","GENESE",61753,12.35,-0.25,-1.37
"03/04/2017 07:30:00","H Q",61844,10.83,-0.39,0.00
"03/04/2017 07:30:00","HUD VL",61758,25.10,1.22,-12.65
"03/04/2017 07:30:00","LONGIL",61762,25.63,1.64,-12.76
"03/04/2017 07:30:00","MHK VL",61756,13.57,0.47,-1.87
"03/04/2017 07:30:00","MILLWD",61759,25.40,1.26,-12.92
"03/04/2017 07:30:00","N.Y.C.",61761,25.32,1.32,-12.77
"03/04/2017 07:30:00","NORTH",61755,10.62,-0.61,0.00
"03/04/2017 07:30:00","NPX",61845,28.14,0.94,-15.97
"03/04/2017 07:30:00","O H",61846,12.45,-0.63,-1.86
"03/04/2017 07:30:00","PJM",61847,18.52,0.37,-6.92
"03/04/2017 07:30:00","WEST",61752,12.56,-0.45,-1.79
"03/04/2017 07:35:00","CAPITL",61757,28.33,1.10,-12.15
"03/04/2017 07:35:00","CENTRL",61754,16.46,0.17,-1.21
"03/04/2017 07:35:00","DUNWOD",61760,25.65,1.63,-8.94
"03/04/2017 07:35:00","GENESE",61753,15.67,-0.38,-0.96
"03/04/2017 07:35:00","H Q",61844,14.57,-0.51,0.00
"03/04/2017 07:35:00","HUD VL",61758,25.57,1.63,-8.85
"03/04/2017 07:35:00","LONGIL",61762,26.21,2.19,-8.94
"03/04/2017 07:35:00","MHK VL",61756,17.03,0.63,-1.31
"03/04/2017 07:35:00","MILLWD",61759,25.82,1.69,-9.04
"03/04/2017 07:35:00","N.Y.C.",61761,25.79,1.76,-8.94
"03/04/2017 07:35:00","NORTH",61755,14.30,-0.78,0.00
"03/04/2017 07:35:00","NPX",61845,27.06,1.25,-10.73
"03/04/2017 07:35:00","O H",61846,15.48,-0.90,-1.30
"03/04/2017 07:35:00","PJM",61847,20.40,0.47,-4.85
"03/04/2017 07:35:00","WEST",61752,15.66,-0.68,-1.25
"03/04/2017 07:40:00","CAPITL",61757,29.34,0.81,-17.23
"03/04/2017 07:40:00","CENTRL",61754,13.15,0.14,-1.71
"03/04/2017 07:40:00","DUNWOD",61760,25.21,1.24,-12.67
"03/04/2017 07:40:00","GENESE",61753,12.38,-0.28,-1.36
"03/04/2017 07:40:00","H Q",61844,10.92,-0.38,0.00
"03/04/2017 07:40:00","HUD VL",61758,25.10,1.24,-12.55
"03/04/2017 07:40:00","LONGIL",61762,25.63,1.66,-12.67
"03/04/2017 07:40:00","MHK VL",61756,13.64,0.47,-1.86
"03/04/2017 07:40:00","MILLWD",61759,25.40,1.28,-12.82
"03/04/2017 07:40:00","N.Y.C.",61761,25.31,1.33,-12.67
"03/04/2017 07:40:00","NORTH",61755,10.72,-0.58,0.00
"03/04/2017 07:40:00","NPX",61845,27.45,0.94,-15.21
"03/04/2017 07:40:00","O H",61846,12.48,-0.67,-1.84
"03/04/2017 07:40:00","PJM",61847,18.55,0.37,-6.87
"03/04/2017 07:40:00","WEST",61752,12.58,-0.50,-1.78
"03/04/2017 07:45:00","CAPITL",61757,29.29,0.82,-17.14
"03/04/2017 07:45:00","CENTRL",61754,13.17,0.14,-1.70
"03/04/2017 07:45:00","DUNWOD",61760,25.20,1.26,-12.61
"03/04/2017 07:45:00","GENESE",61753,12.39,-0.29,-1.35
"03/04/2017 07:45:00","H Q",61844,10.95,-0.39,0.00
"03/04/2017 07:45:00","HUD VL",61758,25.09,1.26,-12.49
"03/04/2017 07:45:00","LONGIL",61762,25.62,1.68,-12.61
"03/04/2017 07:45:00","MHK VL",61756,13.67,0.49,-1.85
"03/04/2017 07:45:00","MILLWD",61759,25.39,1.29,-12.76
"03/04/2017 07:45:00","N.Y.C.",61761,25.31,1.36,-12.61
"03/04/2017 07:45:00","NORTH",61755,10.77,-0.57,0.00
"03/04/2017 07:45:00","NPX",61845,27.41,0.94,-15.14
"03/04/2017 07:45:00","O H",61846,12.48,-0.69,-1.84
"03/04/2017 07:45:00","PJM",61847,18.56,0.39,-6.84
"03/04/2017 07:45:00","WEST",61752,12.59,-0.51,-1.77
"03/04/2017 07:50:00","CAPITL",61757,24.04,1.12,-7.31
"03/04/2017 07:50:00","CENTRL",61754,16.52,0.19,-0.72
"03/04/2017 07:50:00","DUNWOD",61760,22.71,1.73,-5.37
"03/04/2017 07:50:00","GENESE",61753,15.79,-0.39,-0.58
"03/04/2017 07:50:00","H Q",61844,15.08,-0.53,0.00
"03/04/2017 07:50:00","HUD VL",61758,22.66,1.73,-5.32
"03/04/2017 07:50:00","LONGIL",61762,23.31,2.33,-5.37
"03/04/2017 07:50:00","MHK VL",61756,17.07,0.67,-0.79
"03/04/2017 07:50:00","MILLWD",61759,22.82,1.78,-5.44
"03/04/2017 07:50:00","N.Y.C.",61761,22.87,1.89,-5.37
"03/04/2017 07:50:00","NORTH",61755,14.84,-0.76,0.00
"03/04/2017 07:50:00","NPX",61845,23.34,1.28,-6.45
"03/04/2017 07:50:00","O H",61846,15.47,-0.92,-0.78
"03/04/2017 07:50:00","PJM",61847,19.07,0.55,-2.92
"03/04/2017 07:50:00","WEST",61752,15.69,-0.67,-0.75
"03/04/2017 07:55:00","CAPITL",61757,27.63,1.11,-11.32
"03/04/2017 07:55:00","CENTRL",61754,16.49,0.17,-1.12
"03/04/2017 07:55:00","DUNWOD",61760,25.20,1.67,-8.32
"03/04/2017 07:55:00","GENESE",61753,15.72,-0.38,-0.89
"03/04/2017 07:55:00","H Q",61844,14.70,-0.50,0.00
"03/04/2017 07:55:00","HUD VL",61758,25.12,1.67,-8.25
"03/04/2017 07:55:00","LONGIL",61762,25.78,2.25,-8.32
"03/04/2017 07:55:00","MHK VL",61756,17.08,0.65,-1.22
"03/04/2017 07:55:00","MILLWD",61759,25.34,1.72,-8.42
"03/04/2017 07:55:00","N.Y.C.",61761,25.32,1.79,-8.33
"03/04/2017 07:55:00","NORTH",61755,14.47,-0.73,0.00
"03/04/2017 07:55:00","NPX",61845,26.44,1.25,-9.99
"03/04/2017 07:55:00","O H",61846,15.52,-0.90,-1.21
"03/04/2017 07:55:00","PJM",61847,20.25,0.53,-4.52
"03/04/2017 07:55:00","WEST",61752,15.72,-0.65,-1.17
"03/04/2017 08:00:00","CAPITL",61757,28.32,1.09,-12.23
"03/04/2017 08:00:00","CENTRL",61754,16.42,0.21,-1.21
"03/04/2017 08:00:00","DUNWOD",61760,25.64,1.65,-9.00
"03/04/2017 08:00:00","GENESE",61753,15.64,-0.32,-0.96
"03/04/2017 08:00:00","H Q",61844,14.47,-0.53,0.00
"03/04/2017 08:00:00","HUD VL",61758,25.56,1.65,-8.92
"03/04/2017 08:00:00","LONGIL",61762,26.16,2.17,-9.00
"03/04/2017 08:00:00","MHK VL",61756,16.97,0.66,-1.32
"03/04/2017 08:00:00","MILLWD",61759,25.81,1.71,-9.11
"03/04/2017 08:00:00","N.Y.C.",61761,25.78,1.78,-9.00
"03/04/2017 08:00:00","NORTH",61755,14.21,-0.78,0.00
"03/04/2017 08:00:00","NPX",61845,27.04,1.24,-10.80
"03/04/2017 08:00:00","O H",61846,15.52,-0.78,-1.31
"03/04/2017 08:00:00","PJM",61847,20.46,0.58,-4.88
"03/04/2017 08:00:00","WEST",61752,15.73,-0.53,-1.26
"03/04/2017 08:05:00","CAPITL",61757,28.23,1.28,-9.46
"03/04/2017 08:05:00","CENTRL",61754,18.69,0.26,-0.94
"03/04/2017 08:05:00","DUNWOD",61760,26.37,1.92,-6.96
"03/04/2017 08:05:00","GENESE",61753,17.87,-0.37,-0.75
"03/04/2017 08:05:00","H Q",61844,16.90,-0.59,0.00
"03/04/2017 08:05:00","HUD VL",61758,26.29,1.91,-6.90
"03/04/2017 08:05:00","LONGIL",61762,26.93,2.48,-6.96
"03/04/2017 08:05:00","MHK VL",61756,19.28,0.77,-1.02
"03/04/2017 08:05:00","MILLWD",61759,26.51,1.98,-7.04
"03/04/2017 08:05:00","N.Y.C.",61761,26.53,2.08,-6.96
"03/04/2017 08:05:00","NORTH",61755,16.58,-0.91,0.00
"03/04/2017 08:05:00","NPX",61845,27.30,1.45,-8.36
"03/04/2017 08:05:00","O H",61846,17.58,-0.93,-1.01
"03/04/2017 08:05:00","PJM",61847,21.95,0.68,-3.78
"03/04/2017 08:05:00","WEST",61752,17.84,-0.63,-0.98
"03/04/2017 08:10:00","CAPITL",61757,31.39,1.26,-12.91
"03/04/2017 08:10:00","CENTRL",61754,18.73,0.22,-1.28
"03/04/2017 08:10:00","DUNWOD",61760,28.63,1.91,-9.50
"03/04/2017 08:10:00","GENESE",61753,17.84,-0.40,-1.02
"03/04/2017 08:10:00","H Q",61844,16.64,-0.59,0.00
"03/04/2017 08:10:00","HUD VL",61758,28.53,1.89,-9.41
"03/04/2017 08:10:00","LONGIL",61762,29.18,2.46,-9.50
"03/04/2017 08:10:00","MHK VL",61756,19.37,0.76,-1.39
"03/04/2017 08:10:00","MILLWD",61759,28.80,1.96,-9.61
"03/04/2017 08:10:00","N.Y.C.",61761,28.79,2.07,-9.50
"03/04/2017 08:10:00","NORTH",61755,16.36,-0.86,0.00
"03/04/2017 08:10:00","NPX",61845,30.05,1.43,-11.40
"03/04/2017 08:10:00","O H",61846,17.60,-1.00,-1.38
"03/04/2017 08:10:00","PJM",61847,22.99,0.62,-5.15
"03/04/2017 08:10:00","WEST",61752,17.85,-0.71,-1.33
"03/04/2017 08:15:00","CAPITL",61757,29.51,1.45,-8.17
"03/04/2017 08:15:00","CENTRL",61754,20.97,0.28,-0.81
"03/04/2017 08:15:00","DUNWOD",61760,28.12,2.23,-6.01
"03/04/2017 08:15:00","GENESE",61753,20.09,-0.44,-0.64
"03/04/2017 08:15:00","H Q",61844,19.21,-0.68,0.00
"03/04/2017 08:15:00","HUD VL",61758,28.07,2.23,-5.96
"03/04/2017 08:15:00","LONGIL",61762,28.76,2.86,-6.01
"03/04/2017 08:15:00","MHK VL",61756,21.62,0.87,-0.86
"03/04/2017 08:15:00","MILLWD",61759,28.25,2.29,-6.08
"03/04/2017 08:15:00","N.Y.C.",61761,28.30,2.41,-6.01
"03/04/2017 08:15:00","NORTH",61755,18.89,-0.99,0.00
"03/04/2017 08:15:00","NPX",61845,28.75,1.65,-7.21
"03/04/2017 08:15:00","O H",61846,19.63,-1.13,-0.87
"03/04/2017 08:15:00","PJM",61847,23.88,0.74,-3.26
"03/04/2017 08:15:00","WEST",61752,19.91,-0.82,-0.84
"03/04/2017 08:20:00","CAPITL",61757,28.19,1.46,-6.66
"03/04/2017 08:20:00","CENTRL",61754,21.01,0.28,-0.66
"03/04/2017 08:20:00","DUNWOD",61760,27.21,2.25,-4.90
"03/04/2017 08:20:00","GENESE",61753,20.15,-0.44,-0.53
"03/04/2017 08:20:00","H Q",61844,19.38,-0.68,0.00
"03/04/2017 08:20:00","HUD VL",61758,27.17,2.25,-4.85
"03/04/2017 08:20:00","LONGIL",61762,27.85,2.89,-4.90
"03/04/2017 08:20:00","MHK VL",61756,21.65,0.88,-0.70
"03/04/2017 08:20:00","MILLWD",61759,27.33,2.31,-4.96
"03/04/2017 08:20:00","N.Y.C.",61761,27.39,2.43,-4.90
"03/04/2017 08:20:00","NORTH",61755,19.04,-1.02,0.00
"03/04/2017 08:20:00","NPX",61845,27.61,1.66,-5.88
"03/04/2017 08:20:00","O H",61846,19.64,-1.14,-0.71
"03/04/2017 08:20:00","PJM",61847,23.47,0.74,-2.66
"03/04/2017 08:20:00","WEST",61752,19.93,-0.82,-0.69
"03/04/2017 08:25:00","CAPITL",61757,32.09,1.43,-11.06
"03/04/2017 08:25:00","CENTRL",61754,20.95,0.25,-1.10
"03/04/2017 08:25:00","DUNWOD",61760,29.93,2.20,-8.14
"03/04/2017 08:25:00","GENESE",61753,20.02,-0.45,-0.87
"03/04/2017 08:25:00","H Q",61844,18.96,-0.65,0.00
"03/04/2017 08:25:00","HUD VL",61758,29.86,2.20,-8.06
"03/04/2017 08:25:00","LONGIL",61762,30.56,2.82,-8.13
"03/04/2017 08:25:00","MHK VL",61756,21.63,0.86,-1.17
"03/04/2017 08:25:00","MILLWD",61759,30.09,2.25,-8.23
"03/04/2017 08:25:00","N.Y.C.",61761,30.11,2.37,-8.14
"03/04/2017 08:25:00","NORTH",61755,18.64,-0.96,0.00
"03/04/2017 08:25:00","NPX",61845,30.99,1.63,-9.77
"03/04/2017 08:25:00","O H",61846,19.65,-1.14,-1.18
"03/04/2017 08:25:00","PJM",61847,24.72,0.70,-4.41
"03/04/2017 08:25:00","WEST",61752,19.94,-0.80,-1.14
"03/04/2017 08:30:00","CAPITL",61757,32.12,1.43,-11.08
"03/04/2017 08:30:00","CENTRL",61754,20.98,0.27,-1.10
"03/04/2017 08:30:00","DUNWOD",61760,29.95,2.20,-8.15
"03/04/2017 08:30:00","GENESE",61753,20.05,-0.43,-0.87
"03/04/2017 08:30:00","H Q",61844,18.94,-0.67,0.00
"03/04/2017 08:30:00","HUD VL",61758,29.88,2.20,-8.07
"03/04/2017 08:30:00","LONGIL",61762,30.62,2.86,-8.15
"03/04/2017 08:30:00","MHK VL",61756,21.64,0.86,-1.17
"03/04/2017 08:30:00","MILLWD",61759,30.13,2.27,-8.25
"03/04/2017 08:30:00","N.Y.C.",61761,30.13,2.37,-8.15
"03/04/2017 08:30:00","NORTH",61755,18.63,-0.98,0.00
"03/04/2017 08:30:00","NPX",61845,31.02,1.63,-9.78
"03/04/2017 08:30:00","O H",61846,19.68,-1.12,-1.19
"03/04/2017 08:30:00","PJM",61847,24.76,0.73,-4.42
"03/04/2017 08:30:00","WEST",61752,19.95,-0.80,-1.14
"03/04/2017 08:35:00","CAPITL",61757,31.78,1.48,-9.99
"03/04/2017 08:35:00","CENTRL",61754,21.56,0.26,-0.99
"03/04/2017 08:35:00","DUNWOD",61760,29.93,2.27,-7.34
"03/04/2017 08:35:00","GENESE",61753,20.65,-0.45,-0.79
"03/04/2017 08:35:00","H Q",61844,19.64,-0.67,0.00
"03/04/2017 08:35:00","HUD VL",61758,29.86,2.27,-7.28
"03/04/2017 08:35:00","LONGIL",61762,30.62,2.97,-7.34
"03/04/2017 08:35:00","MHK VL",61756,22.24,0.87,-1.05
"03/04/2017 08:35:00","MILLWD",61759,30.10,2.35,-7.43
"03/04/2017 08:35:00","N.Y.C.",61761,30.11,2.46,-7.35
"03/04/2017 08:35:00","NORTH",61755,19.33,-0.97,0.00
"03/04/2017 08:35:00","NPX",61845,30.81,1.68,-8.82
"03/04/2017 08:35:00","O H",61846,20.22,-1.16,-1.07
"03/04/2017 08:35:00","PJM",61847,25.02,0.73,-3.98
"03/04/2017 08:35:00","WEST",61752,20.50,-0.83,-1.03
"03/04/2017 08:40:00","CAPITL",61757,30.64,1.66,-6.16
"03/04/2017 08:40:00","CENTRL",61754,23.72,0.30,-0.61
"03/04/2017 08:40:00","DUNWOD",61760,29.92,2.58,-4.53
"03/04/2017 08:40:00","GENESE",61753,22.82,-0.48,-0.49
"03/04/2017 08:40:00","H Q",61844,22.06,-0.75,0.00
"03/04/2017 08:40:00","HUD VL",61758,29.86,2.55,-4.49
"03/04/2017 08:40:00","LONGIL",61762,30.67,3.33,-4.53
"03/04/2017 08:40:00","MHK VL",61756,24.44,0.98,-0.65
"03/04/2017 08:40:00","MILLWD",61759,30.04,2.64,-4.59
"03/04/2017 08:40:00","N.Y.C.",61761,30.12,2.78,-4.53
"03/04/2017 08:40:00","NORTH",61755,21.76,-1.05,0.00
"03/04/2017 08:40:00","NPX",61845,30.12,1.87,-5.44
"03/04/2017 08:40:00","O H",61846,22.17,-1.30,-0.66
"03/04/2017 08:40:00","PJM",61847,26.11,0.84,-2.46
"03/04/2017 08:40:00","WEST",61752,22.53,-0.91,-0.64
"03/04/2017 08:45:00","CAPITL",61757,30.93,1.66,-6.49
"03/04/2017 08:45:00","CENTRL",61754,23.71,0.30,-0.64
"03/04/2017 08:45:00","DUNWOD",61760,30.07,2.53,-4.77
"03/04/2017 08:45:00","GENESE",61753,22.78,-0.50,-0.51
"03/04/2017 08:45:00","H Q",61844,22.02,-0.75,0.00
"03/04/2017 08:45:00","HUD VL",61758,30.03,2.53,-4.73
"03/04/2017 08:45:00","LONGIL",61762,30.83,3.28,-4.77
"03/04/2017 08:45:00","MHK VL",61756,24.44,0.98,-0.69
"03/04/2017 08:45:00","MILLWD",61759,30.22,2.62,-4.83
"03/04/2017 08:45:00","N.Y.C.",61761,30.26,2.71,-4.77
"03/04/2017 08:45:00","NORTH",61755,21.75,-1.02,0.00
"03/04/2017 08:45:00","NPX",61845,30.37,1.87,-5.73
"03/04/2017 08:45:00","O H",61846,22.15,-1.32,-0.69
"03/04/2017 08:45:00","PJM",61847,26.16,0.80,-2.59
"03/04/2017 08:45:00","WEST",61752,22.51,-0.93,-0.67
"03/04/2017 08:50:00","CAPITL",61757,29.95,1.80,-3.49
"03/04/2017 08:50:00","CENTRL",61754,25.33,0.32,-0.35
"03/04/2017 08:50:00","DUNWOD",61760,29.97,2.74,-2.57
"03/04/2017 08:50:00","GENESE",61753,24.42,-0.52,-0.28
"03/04/2017 08:50:00","H Q",61844,23.87,-0.79,0.00
"03/04/2017 08:50:00","HUD VL",61758,29.94,2.74,-2.55
"03/04/2017 08:50:00","LONGIL",61762,30.78,3.55,-2.57
"03/04/2017 08:50:00","MHK VL",61756,26.09,1.06,-0.37
"03/04/2017 08:50:00","MILLWD",61759,30.07,2.81,-2.60
"03/04/2017 08:50:00","N.Y.C.",61761,30.16,2.93,-2.57
"03/04/2017 08:50:00","NORTH",61755,23.60,-1.06,0.00
"03/04/2017 08:50:00","NPX",61845,29.79,2.05,-3.08
"03/04/2017 08:50:00","O H",61846,75.64,-1.36,-52.34
"03/04/2017 08:50:00","PJM",61847,26.97,0.91,-1.39
"03/04/2017 08:50:00","WEST",61752,24.11,-0.91,-0.36
"03/04/2017 08:55:00","CAPITL",61757,30.85,1.65,-6.64
"03/04/2017 08:55:00","CENTRL",61754,23.47,0.25,-0.66
"03/04/2017 08:55:00","DUNWOD",61760,29.93,2.48,-4.89
"03/04/2017 08:55:00","GENESE",61753,22.59,-0.50,-0.52
"03/04/2017 08:55:00","H Q",61844,21.84,-0.72,0.00
"03/04/2017 08:55:00","HUD VL",61758,29.89,2.48,-4.84
"03/04/2017 08:55:00","LONGIL",61762,30.68,3.23,-4.89
"03/04/2017 08:55:00","MHK VL",61756,24.21,0.95,-0.70
"03/04/2017 08:55:00","MILLWD",61759,30.08,2.57,-4.95
"03/04/2017 08:55:00","N.Y.C.",61761,30.14,2.68,-4.89
"03/04/2017 08:55:00","NORTH",61755,21.59,-0.97,0.00
"03/04/2017 08:55:00","NPX",61845,30.30,1.87,-5.87
"03/04/2017 08:55:00","O H",61846,73.93,-1.31,-52.68
"03/04/2017 08:55:00","PJM",61847,25.96,0.74,-2.65
"03/04/2017 08:55:00","WEST",61752,22.32,-0.93,-0.69
"03/04/2017 09:00:00","CAPITL",61757,28.06,1.73,-2.67
"03/04/2017 09:00:00","CENTRL",61754,24.23,0.31,-0.27
"03/04/2017 09:00:00","DUNWOD",61760,28.25,2.63,-1.97
"03/04/2017 09:00:00","GENESE",61753,23.44,-0.43,-0.21
"03/04/2017 09:00:00","H Q",61844,22.90,-0.76,0.00
"03/04/2017 09:00:00","HUD VL",61758,28.23,2.63,-1.95
"03/04/2017 09:00:00","LONGIL",61762,28.98,3.36,-1.97
"03/04/2017 09:00:00","MHK VL",61756,24.96,1.02,-0.28
"03/04/2017 09:00:00","MILLWD",61759,28.37,2.72,-1.99
"03/04/2017 09:00:00","N.Y.C.",61761,28.51,2.89,-1.97
"03/04/2017 09:00:00","NORTH",61755,22.64,-1.02,0.00
"03/04/2017 09:00:00","NPX",61845,27.96,1.94,-2.36
"03/04/2017 09:00:00","O H",61846,74.65,-1.25,-52.25
"03/04/2017 09:00:00","PJM",61847,25.55,0.83,-1.07
"03/04/2017 09:00:00","WEST",61752,23.13,-0.80,-0.28
"03/04/2017 09:05:00","CAPITL",61757,28.06,1.66,-3.57
"03/04/2017 09:05:00","CENTRL",61754,23.45,0.27,-0.35
"03/04/2017 09:05:00","DUNWOD",61760,27.98,2.53,-2.63
"03/04/2017 09:05:00","GENESE",61753,22.67,-0.43,-0.28
"03/04/2017 09:05:00","H Q",61844,22.09,-0.73,0.00
"03/04/2017 09:05:00","HUD VL",61758,27.96,2.53,-2.60
"03/04/2017 09:05:00","LONGIL",61762,28.64,3.19,-2.63
"03/04/2017 09:05:00","MHK VL",61756,24.15,0.96,-0.38
"03/04/2017 09:05:00","MILLWD",61759,28.10,2.62,-2.66
"03/04/2017 09:05:00","N.Y.C.",61761,28.23,2.78,-2.63
"03/04/2017 09:05:00","NORTH",61755,21.84,-0.98,0.00
"03/04/2017 09:05:00","NPX",61845,27.84,1.87,-3.15
"03/04/2017 09:05:00","O H",61846,21.92,-1.28,-0.38
"03/04/2017 09:05:00","PJM",61847,25.00,0.75,-1.43
"03/04/2017 09:05:00","WEST",61752,22.34,-0.84,-0.37
"03/04/2017 09:10:00","CAPITL",61757,27.95,1.80,-1.45
"03/04/2017 09:10:00","CENTRL",61754,25.16,0.32,-0.14
"03/04/2017 09:10:00","DUNWOD",61760,28.53,2.77,-1.07
"03/04/2017 09:10:00","GENESE",61753,24.37,-0.44,-0.11
"03/04/2017 09:10:00","H Q",61844,23.91,-0.79,0.00
"03/04/2017 09:10:00","HUD VL",61758,28.52,2.77,-1.06
"03/04/2017 09:10:00","LONGIL",61762,29.25,3.48,-1.07
"03/04/2017 09:10:00","MHK VL",61756,25.89,1.04,-0.15
"03/04/2017 09:10:00","MILLWD",61759,28.62,2.84,-1.08
"03/04/2017 09:10:00","N.Y.C.",61761,28.78,3.01,-1.07
"03/04/2017 09:10:00","NORTH",61755,23.66,-1.04,0.00
"03/04/2017 09:10:00","NPX",61845,28.00,2.03,-1.28
"03/04/2017 09:10:00","O H",61846,23.49,-1.36,-0.16
"03/04/2017 09:10:00","PJM",61847,26.12,0.84,-0.58
"03/04/2017 09:10:00","WEST",61752,23.96,-0.89,-0.15
"03/04/2017 09:15:00","CAPITL",61757,28.00,1.76,-2.44
"03/04/2017 09:15:00","CENTRL",61754,24.37,0.33,-0.24
"03/04/2017 09:15:00","DUNWOD",61760,28.26,2.66,-1.80
"03/04/2017 09:15:00","GENESE",61753,23.59,-0.40,-0.19
"03/04/2017 09:15:00","H Q",61844,23.01,-0.78,0.00
"03/04/2017 09:15:00","HUD VL",61758,28.24,2.66,-1.78
"03/04/2017 09:15:00","LONGIL",61762,28.93,3.33,-1.80
"03/04/2017 09:15:00","MHK VL",61756,25.08,1.02,-0.26
"03/04/2017 09:15:00","MILLWD",61759,28.38,2.76,-1.82
"03/04/2017 09:15:00","N.Y.C.",61761,28.50,2.90,-1.80
"03/04/2017 09:15:00","NORTH",61755,22.80,-1.00,0.00
"03/04/2017 09:15:00","NPX",61845,27.93,1.97,-2.16
"03/04/2017 09:15:00","O H",61846,22.85,-1.21,-0.26
"03/04/2017 09:15:00","PJM",61847,25.65,0.88,-0.97
"03/04/2017 09:15:00","WEST",61752,23.29,-0.76,-0.25
"03/04/2017 09:20:00","CAPITL",61757,28.00,1.83,-1.51
"03/04/2017 09:20:00","CENTRL",61754,25.13,0.32,-0.15
"03/04/2017 09:20:00","DUNWOD",61760,28.51,2.74,-1.11
"03/04/2017 09:20:00","GENESE",61753,24.34,-0.44,-0.12
"03/04/2017 09:20:00","H Q",61844,23.87,-0.79,0.00
"03/04/2017 09:20:00","HUD VL",61758,28.50,2.74,-1.10
"03/04/2017 09:20:00","LONGIL",61762,29.23,3.45,-1.11
"03/04/2017 09:20:00","MHK VL",61756,25.86,1.04,-0.16
"03/04/2017 09:20:00","MILLWD",61759,28.63,2.84,-1.13
"03/04/2017 09:20:00","N.Y.C.",61761,28.76,2.98,-1.11
"03/04/2017 09:20:00","NORTH",61755,23.68,-0.99,0.00
"03/04/2017 09:20:00","NPX",61845,28.05,2.05,-1.34
"03/04/2017 09:20:00","O H",61846,23.49,-1.33,-0.16
"03/04/2017 09:20:00","PJM",61847,26.13,0.86,-0.60
"03/04/2017 09:20:00","WEST",61752,23.98,-0.84,-0.16
"03/04/2017 09:25:00","CAPITL",61757,28.49,1.72,-3.12
"03/04/2017 09:25:00","CENTRL",61754,24.25,0.31,-0.31
"03/04/2017 09:25:00","DUNWOD",61760,28.61,2.67,-2.30
"03/04/2017 09:25:00","GENESE",61753,23.46,-0.42,-0.25
"03/04/2017 09:25:00","H Q",61844,22.88,-0.76,0.00
"03/04/2017 09:25:00","HUD VL",61758,28.58,2.67,-2.28
"03/04/2017 09:25:00","LONGIL",61762,29.29,3.36,-2.30
"03/04/2017 09:25:00","MHK VL",61756,24.96,0.99,-0.33
"03/04/2017 09:25:00","MILLWD",61759,28.73,2.76,-2.32
"03/04/2017 09:25:00","N.Y.C.",61761,28.84,2.91,-2.30
"03/04/2017 09:25:00","NORTH",61755,22.67,-0.97,0.00
"03/04/2017 09:25:00","NPX",61845,28.36,1.96,-2.76
"03/04/2017 09:25:00","O H",61846,22.67,-1.30,-0.33
"03/04/2017 09:25:00","PJM",61847,25.71,0.83,-1.25
"03/04/2017 09:25:00","WEST",61752,23.11,-0.85,-0.32
"03/04/2017 09:30:00","CAPITL",61757,28.05,1.74,-2.52
"03/04/2017 09:30:00","CENTRL",61754,24.33,0.29,-0.25
"03/04/2017 09:30:00","DUNWOD",61760,28.34,2.69,-1.85
"03/04/2017 09:30:00","GENESE",61753,23.57,-0.43,-0.20
"03/04/2017 09:30:00","H Q",61844,23.03,-0.76,0.00
"03/04/2017 09:30:00","HUD VL",61758,28.30,2.66,-1.84
"03/04/2017 09:30:00","LONGIL",61762,29.03,3.38,-1.85
"03/04/2017 09:30:00","MHK VL",61756,25.06,1.00,-0.26
"03/04/2017 09:30:00","MILLWD",61759,28.43,2.76,-1.88
"03/04/2017 09:30:00","N.Y.C.",61761,28.55,2.90,-1.85
"03/04/2017 09:30:00","NORTH",61755,22.82,-0.98,0.00
"03/04/2017 09:30:00","NPX",61845,28.00,1.97,-2.23
"03/04/2017 09:30:00","O H",61846,22.76,-1.31,-0.27
"03/04/2017 09:30:00","PJM",61847,25.63,0.83,-1.01
"03/04/2017 09:30:00","WEST",61752,23.20,-0.86,-0.26
"03/04/2017 09:35:00","CAPITL",61757,28.00,1.81,-1.31
"03/04/2017 09:35:00","CENTRL",61754,25.33,0.32,-0.13
"03/04/2017 09:35:00","DUNWOD",61760,28.65,2.81,-0.96
"03/04/2017 09:35:00","GENESE",61753,24.45,-0.52,-0.10
"03/04/2017 09:35:00","H Q",61844,24.08,-0.80,0.00
"03/04/2017 09:35:00","HUD VL",61758,28.64,2.81,-0.95
"03/04/2017 09:35:00","LONGIL",61762,29.37,3.53,-0.96
"03/04/2017 09:35:00","MHK VL",61756,26.03,1.02,-0.14
"03/04/2017 09:35:00","MILLWD",61759,28.76,2.91,-0.97
"03/04/2017 09:35:00","N.Y.C.",61761,28.89,3.06,-0.96
"03/04/2017 09:35:00","NORTH",61755,23.88,-1.00,0.00
"03/04/2017 09:35:00","NPX",61845,28.07,2.04,-1.15
"03/04/2017 09:35:00","O H",61846,23.57,-1.44,-0.14
"03/04/2017 09:35:00","PJM",61847,26.29,0.89,-0.52
"03/04/2017 09:35:00","WEST",61752,24.04,-0.97,-0.13
"03/04/2017 09:40:00","CAPITL",61757,28.66,1.80,-2.15
"03/04/2017 09:40:00","CENTRL",61754,25.21,0.30,-0.21
"03/04/2017 09:40:00","DUNWOD",61760,29.08,2.79,-1.58
"03/04/2017 09:40:00","GENESE",61753,24.38,-0.49,-0.17
"03/04/2017 09:40:00","H Q",61844,23.91,-0.79,0.00
"03/04/2017 09:40:00","HUD VL",61758,29.06,2.79,-1.57
"03/04/2017 09:40:00","LONGIL",61762,29.79,3.51,-1.58
"03/04/2017 09:40:00","MHK VL",61756,25.94,1.01,-0.23
"03/04/2017 09:40:00","MILLWD",61759,29.19,2.89,-1.60
"03/04/2017 09:40:00","N.Y.C.",61761,29.32,3.04,-1.58
"03/04/2017 09:40:00","NORTH",61755,23.71,-0.99,0.00
"03/04/2017 09:40:00","NPX",61845,28.65,2.05,-1.90
"03/04/2017 09:40:00","O H",61846,23.55,-1.38,-0.23
"03/04/2017 09:40:00","PJM",61847,26.45,0.89,-0.86
"03/04/2017 09:40:00","WEST",61752,24.01,-0.91,-0.22
"03/04/2017 09:45:00","CAPITL",61757,28.69,1.80,-2.19
"03/04/2017 09:45:00","CENTRL",61754,25.21,0.30,-0.22
"03/04/2017 09:45:00","DUNWOD",61760,29.10,2.79,-1.61
"03/04/2017 09:45:00","GENESE",61753,24.38,-0.49,-0.17
"03/04/2017 09:45:00","H Q",61844,23.91,-0.79,0.00
"03/04/2017 09:45:00","HUD VL",61758,29.09,2.79,-1.60
"03/04/2017 09:45:00","LONGIL",61762,29.82,3.51,-1.61
"03/04/2017 09:45:00","MHK VL",61756,25.94,1.01,-0.23
"03/04/2017 09:45:00","MILLWD",61759,29.22,2.89,-1.63
"03/04/2017 09:45:00","N.Y.C.",61761,29.35,3.04,-1.61
"03/04/2017 09:45:00","NORTH",61755,23.74,-0.96,0.00
"03/04/2017 09:45:00","NPX",61845,28.68,2.05,-1.94
"03/04/2017 09:45:00","O H",61846,23.55,-1.38,-0.23
"03/04/2017 09:45:00","PJM",61847,26.46,0.89,-0.87
"03/04/2017 09:45:00","WEST",61752,24.01,-0.91,-0.23
"03/04/2017 09:50:00","CAPITL",61757,27.96,1.90,0.00
"03/04/2017 09:50:00","CENTRL",61754,26.40,0.34,0.00
"03/04/2017 09:50:00","DUNWOD",61760,28.98,2.92,0.00
"03/04/2017 09:50:00","GENESE",61753,25.62,-0.44,0.00
"03/04/2017 09:50:00","H Q",61844,26.72,-0.83,-1.49
"03/04/2017 09:50:00","HUD VL",61758,28.98,2.92,0.00
"03/04/2017 09:50:00","LONGIL",61762,29.71,3.65,0.00
"03/04/2017 09:50:00","MHK VL",61756,27.13,1.07,0.00
"03/04/2017 09:50:00","MILLWD",61759,29.08,3.02,0.00
"03/04/2017 09:50:00","N.Y.C.",61761,29.24,3.18,0.00
"03/04/2017 09:50:00","NORTH",61755,25.04,-1.02,0.00
"03/04/2017 09:50:00","NPX",61845,29.69,2.14,-1.49
"03/04/2017 09:50:00","O H",61846,30.43,-1.38,-5.75
"03/04/2017 09:50:00","PJM",61847,28.52,0.96,-1.49
"03/04/2017 09:50:00","WEST",61752,25.17,-0.89,0.00
"03/04/2017 09:55:00","CAPITL",61757,27.96,1.90,0.00
"03/04/2017 09:55:00","CENTRL",61754,26.42,0.36,0.00
"03/04/2017 09:55:00","DUNWOD",61760,28.95,2.89,0.00
"03/04/2017 09:55:00","GENESE",61753,25.64,-0.42,0.00
"03/04/2017 09:55:00","H Q",61844,26.72,-0.83,-1.49
"03/04/2017 09:55:00","HUD VL",61758,28.95,2.89,0.00
"03/04/2017 09:55:00","LONGIL",61762,29.66,3.60,0.00
"03/04/2017 09:55:00","MHK VL",61756,27.15,1.09,0.00
"03/04/2017 09:55:00","MILLWD",61759,29.06,3.00,0.00
"03/04/2017 09:55:00","N.Y.C.",61761,29.21,3.15,0.00
"03/04/2017 09:55:00","NORTH",61755,25.07,-0.99,0.00
"03/04/2017 09:55:00","NPX",61845,29.69,2.14,-1.49
"03/04/2017 09:55:00","O H",61846,30.48,-1.33,-5.75
"03/04/2017 09:55:00","PJM",61847,28.52,0.96,-1.49
"03/04/2017 09:55:00","WEST",61752,25.22,-0.83,0.00
"03/04/2017 10:00:00","CAPITL",61757,27.97,1.78,-1.44
"03/04/2017 10:00:00","CENTRL",61754,25.19,0.30,-0.14
"03/04/2017 10:00:00","DUNWOD",61760,28.56,2.75,-1.06
"03/04/2017 10:00:00","GENESE",61753,24.40,-0.47,-0.11
"03/04/2017 10:00:00","H Q",61844,25.48,-0.77,-1.49
"03/04/2017 10:00:00","HUD VL",61758,28.55,2.75,-1.05
"03/04/2017 10:00:00","LONGIL",61762,29.25,3.44,-1.06
"03/04/2017 10:00:00","MHK VL",61756,25.92,1.02,-0.15
"03/04/2017 10:00:00","MILLWD",61759,28.67,2.85,-1.07
"03/04/2017 10:00:00","N.Y.C.",61761,28.80,2.99,-1.06
"03/04/2017 10:00:00","NORTH",61755,23.81,-0.94,0.00
"03/04/2017 10:00:00","NPX",61845,29.50,1.98,-2.76
"03/04/2017 10:00:00","O H",61846,29.27,-1.39,-5.91
"03/04/2017 10:00:00","PJM",61847,27.64,0.82,-2.07
"03/04/2017 10:00:00","WEST",61752,23.96,-0.94,-0.15
"03/04/2017 10:05:00","CAPITL",61757,32.20,1.15,-14.33
"03/04/2017 10:05:00","CENTRL",61754,18.29,0.15,-1.42
"03/04/2017 10:05:00","DUNWOD",61760,29.16,1.90,-10.53
"03/04/2017 10:05:00","GENESE",61753,17.51,-0.33,-1.13
"03/04/2017 10:05:00","H Q",61844,16.20,-0.52,0.00
"03/04/2017 10:05:00","HUD VL",61758,29.02,1.87,-10.44
"03/04/2017 10:05:00","LONGIL",61762,29.72,2.47,-10.53
"03/04/2017 10:05:00","MHK VL",61756,18.91,0.69,-1.50
"03/04/2017 10:05:00","MILLWD",61759,29.33,1.95,-10.66
"03/04/2017 10:05:00","N.Y.C.",61761,29.32,2.07,-10.54
"03/04/2017 10:05:00","NORTH",61755,16.08,-0.64,0.00
"03/04/2017 10:05:00","NPX",61845,29.49,1.32,-11.45
"03/04/2017 10:05:00","O H",61846,16.63,-1.02,-0.93
"03/04/2017 10:05:00","PJM",61847,22.90,0.47,-5.72
"03/04/2017 10:05:00","WEST",61752,17.49,-0.70,-1.48
"03/04/2017 10:10:00","CAPITL",61757,29.44,1.59,-5.07
"03/04/2017 10:10:00","CENTRL",61754,23.51,0.23,-0.50
"03/04/2017 10:10:00","DUNWOD",61760,29.13,2.62,-3.73
"03/04/2017 10:10:00","GENESE",61753,22.68,-0.50,-0.40
"03/04/2017 10:10:00","H Q",61844,22.05,-0.73,0.00
"03/04/2017 10:10:00","HUD VL",61758,29.05,2.57,-3.69
"03/04/2017 10:10:00","LONGIL",61762,29.90,3.40,-3.73
"03/04/2017 10:10:00","MHK VL",61756,24.25,0.93,-0.53
"03/04/2017 10:10:00","MILLWD",61759,29.24,2.69,-3.77
"03/04/2017 10:10:00","N.Y.C.",61761,29.33,2.82,-3.73
"03/04/2017 10:10:00","NORTH",61755,21.89,-0.89,0.00
"03/04/2017 10:10:00","NPX",61845,27.88,1.82,-3.27
"03/04/2017 10:10:00","O H",61846,21.31,-1.41,0.06
"03/04/2017 10:10:00","PJM",61847,25.49,0.68,-2.02
"03/04/2017 10:10:00","WEST",61752,22.30,-1.00,-0.52
"03/04/2017 10:15:00","CAPITL",61757,27.94,1.82,-1.24
"03/04/2017 10:15:00","CENTRL",61754,25.25,0.25,-0.12
"03/04/2017 10:15:00","DUNWOD",61760,28.70,2.91,-0.91
"03/04/2017 10:15:00","GENESE",61753,24.45,-0.52,-0.10
"03/04/2017 10:15:00","H Q",61844,24.06,-0.82,0.00
"03/04/2017 10:15:00","HUD VL",61758,28.65,2.86,-0.91
"03/04/2017 10:15:00","LONGIL",61762,29.55,3.76,-0.91
"03/04/2017 10:15:00","MHK VL",61756,26.06,1.04,-0.13
"03/04/2017 10:15:00","MILLWD",61759,28.79,2.98,-0.92
"03/04/2017 10:15:00","N.Y.C.",61761,28.95,3.16,-0.91
"03/04/2017 10:15:00","NORTH",61755,23.86,-1.02,0.00
"03/04/2017 10:15:00","NPX",61845,26.84,2.06,0.10
"03/04/2017 10:15:00","O H",61846,22.89,-1.52,0.47
"03/04/2017 10:15:00","PJM",61847,26.17,0.80,-0.50
"03/04/2017 10:15:00","WEST",61752,23.96,-1.04,-0.13
"03/04/2017 10:20:00","CAPITL",61757,26.72,1.82,0.00
"03/04/2017 10:20:00","CENTRL",61754,25.30,0.40,0.00
"03/04/2017 10:20:00","DUNWOD",61760,27.79,2.89,0.00
"03/04/2017 10:20:00","GENESE",61753,24.46,-0.45,0.00
"03/04/2017 10:20:00","H Q",61844,24.03,-0.87,0.00
"03/04/2017 10:20:00","HUD VL",61758,27.77,2.86,0.00
"03/04/2017 10:20:00","LONGIL",61762,28.64,3.73,0.00
"03/04/2017 10:20:00","MHK VL",61756,25.98,1.07,0.00
"03/04/2017 10:20:00","MILLWD",61759,27.87,2.96,0.00
"03/04/2017 10:20:00","N.Y.C.",61761,28.02,3.11,0.00
"03/04/2017 10:20:00","NORTH",61755,23.84,-1.07,0.00
"03/04/2017 10:20:00","NPX",61845,26.95,2.04,0.00
"03/04/2017 10:20:00","O H",61846,23.59,-1.32,0.00
"03/04/2017 10:20:00","PJM",61847,25.88,0.97,0.00
"03/04/2017 10:20:00","WEST",61752,24.06,-0.85,0.00
"03/04/2017 10:25:00","CAPITL",61757,27.91,1.88,0.00
"03/04/2017 10:25:00","CENTRL",61754,26.45,0.42,0.00
"03/04/2017 10:25:00","DUNWOD",61760,29.08,3.05,0.00
"03/04/2017 10:25:00","GENESE",61753,25.57,-0.47,0.00
"03/04/2017 10:25:00","H Q",61844,25.13,-0.91,0.00
"03/04/2017 10:25:00","HUD VL",61758,29.06,3.02,0.00
"03/04/2017 10:25:00","LONGIL",61762,29.99,3.96,0.00
"03/04/2017 10:25:00","MHK VL",61756,27.16,1.12,0.00
"03/04/2017 10:25:00","MILLWD",61759,29.16,3.12,0.00
"03/04/2017 10:25:00","N.Y.C.",61761,29.35,3.31,0.00
"03/04/2017 10:25:00","NORTH",61755,24.89,-1.15,0.00
"03/04/2017 10:25:00","NPX",61845,28.17,2.14,0.00
"03/04/2017 10:25:00","O H",61846,24.66,-1.38,0.00
"03/04/2017 10:25:00","PJM",61847,27.11,1.07,0.00
"03/04/2017 10:25:00","WEST",61752,25.15,-0.89,0.00
"03/04/2017 10:30:00","CAPITL",61757,27.94,1.90,0.00
"03/04/2017 10:30:00","CENTRL",61754,26.40,0.36,0.00
"03/04/2017 10:30:00","DUNWOD",61760,29.08,3.05,0.00
"03/04/2017 10:30:00","GENESE",61753,25.54,-0.50,0.00
"03/04/2017 10:30:00","H Q",61844,25.15,-0.89,0.00
"03/04/2017 10:30:00","HUD VL",61758,29.06,3.02,0.00
"03/04/2017 10:30:00","LONGIL",61762,29.97,3.93,0.00
"03/04/2017 10:30:00","MHK VL",61756,27.16,1.12,0.00
"03/04/2017 10:30:00","MILLWD",61759,29.16,3.12,0.00
"03/04/2017 10:30:00","N.Y.C.",61761,29.35,3.31,0.00
"03/04/2017 10:30:00","NORTH",61755,24.92,-1.12,0.00
"03/04/2017 10:30:00","NPX",61845,28.20,2.16,0.00
"03/04/2017 10:30:00","O H",61846,24.61,-1.43,0.00
"03/04/2017 10:30:00","PJM",61847,27.03,0.99,0.00
"03/04/2017 10:30:00","WEST",61752,25.08,-0.96,0.00
"03/04/2017 10:35:00","CAPITL",61757,27.90,1.90,0.00
"03/04/2017 10:35:00","CENTRL",61754,26.34,0.34,0.00
"03/04/2017 10:35:00","DUNWOD",61760,29.05,3.04,0.00
"03/04/2017 10:35:00","GENESE",61753,25.51,-0.49,0.00
"03/04/2017 10:35:00","H Q",61844,25.12,-0.88,0.00
"03/04/2017 10:35:00","HUD VL",61758,29.02,3.02,0.00
"03/04/2017 10:35:00","LONGIL",61762,29.93,3.93,0.00
"03/04/2017 10:35:00","MHK VL",61756,27.10,1.09,0.00
"03/04/2017 10:35:00","MILLWD",61759,29.13,3.12,0.00
"03/04/2017 10:35:00","N.Y.C.",61761,29.31,3.30,0.00
"03/04/2017 10:35:00","NORTH",61755,24.89,-1.12,0.00
"03/04/2017 10:35:00","NPX",61845,28.16,2.16,0.00
"03/04/2017 10:35:00","O H",61846,24.55,-1.46,0.00
"03/04/2017 10:35:00","PJM",61847,26.94,0.93,0.00
"03/04/2017 10:35:00","WEST",61752,25.02,-0.99,0.00
"03/04/2017 10:40:00","CAPITL",61757,26.72,1.84,0.00
"03/04/2017 10:40:00","CENTRL",61754,25.20,0.32,0.00
"03/04/2017 10:40:00","DUNWOD",61760,27.76,2.88,0.00
"03/04/2017 10:40:00","GENESE",61753,24.43,-0.45,0.00
"03/04/2017 10:40:00","H Q",61844,24.03,-0.85,0.00
"03/04/2017 10:40:00","HUD VL",61758,27.71,2.83,0.00
"03/04/2017 10:40:00","LONGIL",61762,28.61,3.73,0.00
"03/04/2017 10:40:00","MHK VL",61756,25.92,1.04,0.00
"03/04/2017 10:40:00","MILLWD",61759,27.83,2.96,0.00
"03/04/2017 10:40:00","N.Y.C.",61761,27.98,3.11,0.00
"03/04/2017 10:40:00","NORTH",61755,23.81,-1.07,0.00
"03/04/2017 10:40:00","NPX",61845,26.94,2.06,0.00
"03/04/2017 10:40:00","O H",61846,23.51,-1.37,0.00
"03/04/2017 10:40:00","PJM",61847,25.77,0.89,0.00
"03/04/2017 10:40:00","WEST",61752,23.98,-0.89,0.00
"03/04/2017 10:45:00","CAPITL",61757,27.94,1.86,-1.29
"03/04/2017 10:45:00","CENTRL",61754,25.22,0.30,-0.13
"03/04/2017 10:45:00","DUNWOD",61760,28.57,2.83,-0.95
"03/04/2017 10:45:00","GENESE",61753,24.40,-0.50,-0.10
"03/04/2017 10:45:00","H Q",61844,23.98,-0.82,0.00
"03/04/2017 10:45:00","HUD VL",61758,28.53,2.80,-0.94
"03/04/2017 10:45:00","LONGIL",61762,29.41,3.67,-0.95
"03/04/2017 10:45:00","MHK VL",61756,25.95,1.02,-0.14
"03/04/2017 10:45:00","MILLWD",61759,28.65,2.90,-0.96
"03/04/2017 10:45:00","N.Y.C.",61761,28.81,3.07,-0.95
"03/04/2017 10:45:00","NORTH",61755,23.78,-1.02,0.00
"03/04/2017 10:45:00","NPX",61845,27.99,2.06,-1.14
"03/04/2017 10:45:00","O H",61846,23.52,-1.41,-0.14
"03/04/2017 10:45:00","PJM",61847,26.15,0.84,-0.51
"03/04/2017 10:45:00","WEST",61752,23.98,-0.94,-0.13
"03/04/2017 10:50:00","CAPITL",61757,27.28,1.87,-0.48
"03/04/2017 10:50:00","CENTRL",61754,25.28,0.30,-0.05
"03/04/2017 10:50:00","DUNWOD",61760,28.10,2.82,-0.35
"03/04/2017 10:50:00","GENESE",61753,24.45,-0.52,-0.04
"03/04/2017 10:50:00","H Q",61844,24.11,-0.82,0.00
"03/04/2017 10:50:00","HUD VL",61758,28.07,2.79,-0.35
"03/04/2017 10:50:00","LONGIL",61762,28.95,3.67,-0.35
"03/04/2017 10:50:00","MHK VL",61756,26.01,1.02,-0.05
"03/04/2017 10:50:00","MILLWD",61759,28.18,2.89,-0.35
"03/04/2017 10:50:00","N.Y.C.",61761,28.35,3.07,-0.35
"03/04/2017 10:50:00","NORTH",61755,23.94,-1.00,0.00
"03/04/2017 10:50:00","NPX",61845,27.42,2.07,-0.42
"03/04/2017 10:50:00","O H",61846,23.54,-1.45,-0.05
"03/04/2017 10:50:00","PJM",61847,25.97,0.85,-0.19
"03/04/2017 10:50:00","WEST",61752,23.98,-1.00,-0.05
"03/04/2017 10:55:00","CAPITL",61757,27.51,1.86,-0.80
"03/04/2017 10:55:00","CENTRL",61754,25.22,0.30,-0.08
"03/04/2017 10:55:00","DUNWOD",61760,28.27,2.83,-0.59
"03/04/2017 10:55:00","GENESE",61753,24.41,-0.50,-0.06
"03/04/2017 10:55:00","H Q",61844,24.03,-0.82,0.00
"03/04/2017 10:55:00","HUD VL",61758,28.24,2.81,-0.58
"03/04/2017 10:55:00","LONGIL",61762,29.11,3.68,-0.59
"03/04/2017 10:55:00","MHK VL",61756,25.97,1.04,-0.09
"03/04/2017 10:55:00","MILLWD",61759,28.35,2.91,-0.60
"03/04/2017 10:55:00","N.Y.C.",61761,28.51,3.08,-0.59
"03/04/2017 10:55:00","NORTH",61755,23.82,-1.02,0.00
"03/04/2017 10:55:00","NPX",61845,27.61,2.06,-0.71
"03/04/2017 10:55:00","O H",61846,23.52,-1.42,-0.09
"03/04/2017 10:55:00","PJM",61847,26.01,0.85,-0.32
"03/04/2017 10:55:00","WEST",61752,23.96,-0.97,-0.08
"03/04/2017 11:00:00","CAPITL",61757,28.44,1.71,-3.59
"03/04/2017 11:00:00","CENTRL",61754,23.75,0.25,-0.36
"03/04/2017 11:00:00","DUNWOD",61760,28.44,2.66,-2.64
"03/04/2017 11:00:00","GENESE",61753,22.87,-0.56,-0.28
"03/04/2017 11:00:00","H Q",61844,22.37,-0.76,0.00
"03/04/2017 11:00:00","HUD VL",61758,28.39,2.64,-2.62
"03/04/2017 11:00:00","LONGIL",61762,29.23,3.45,-2.64
"03/04/2017 11:00:00","MHK VL",61756,24.47,0.95,-0.38
"03/04/2017 11:00:00","MILLWD",61759,28.54,2.73,-2.68
"03/04/2017 11:00:00","N.Y.C.",61761,28.67,2.89,-2.64
"03/04/2017 11:00:00","NORTH",61755,22.19,-0.95,0.00
"03/04/2017 11:00:00","NPX",61845,28.23,1.92,-3.17
"03/04/2017 11:00:00","O H",61846,22.07,-1.46,-0.38
"03/04/2017 11:00:00","PJM",61847,25.31,0.74,-1.43
"03/04/2017 11:00:00","WEST",61752,22.47,-1.04,-0.37
"03/04/2017 11:05:00","CAPITL",61757,27.99,1.64,-4.16
"03/04/2017 11:05:00","CENTRL",61754,22.80,0.20,-0.41
"03/04/2017 11:05:00","DUNWOD",61760,27.82,2.57,-3.06
"03/04/2017 11:05:00","GENESE",61753,21.92,-0.60,-0.33
"03/04/2017 11:05:00","H Q",61844,21.46,-0.73,0.00
"03/04/2017 11:05:00","HUD VL",61758,27.75,2.53,-3.03
"03/04/2017 11:05:00","LONGIL",61762,28.58,3.33,-3.06
"03/04/2017 11:05:00","MHK VL",61756,23.52,0.89,-0.44
"03/04/2017 11:05:00","MILLWD",61759,27.90,2.62,-3.09
"03/04/2017 11:05:00","N.Y.C.",61761,28.05,2.80,-3.06
"03/04/2017 11:05:00","NORTH",61755,21.26,-0.93,0.00
"03/04/2017 11:05:00","NPX",61845,27.70,1.84,-3.67
"03/04/2017 11:05:00","O H",61846,21.13,-1.51,-0.44
"03/04/2017 11:05:00","PJM",61847,24.52,0.67,-1.66
"03/04/2017 11:05:00","WEST",61752,21.49,-1.13,-0.43
"03/04/2017 11:10:00","CAPITL",61757,28.62,1.65,-4.38
"03/04/2017 11:10:00","CENTRL",61754,23.28,0.25,-0.43
"03/04/2017 11:10:00","DUNWOD",61760,28.43,2.62,-3.22
"03/04/2017 11:10:00","GENESE",61753,22.35,-0.59,-0.35
"03/04/2017 11:10:00","H Q",61844,21.85,-0.75,0.00
"03/04/2017 11:10:00","HUD VL",61758,28.36,2.57,-3.19
"03/04/2017 11:10:00","LONGIL",61762,29.20,3.39,-3.22
"03/04/2017 11:10:00","MHK VL",61756,23.98,0.93,-0.46
"03/04/2017 11:10:00","MILLWD",61759,28.54,2.69,-3.26
"03/04/2017 11:10:00","N.Y.C.",61761,28.66,2.85,-3.22
"03/04/2017 11:10:00","NORTH",61755,21.65,-0.95,0.00
"03/04/2017 11:10:00","NPX",61845,28.33,1.87,-3.87
"03/04/2017 11:10:00","O H",61846,21.57,-1.49,-0.47
"03/04/2017 11:10:00","PJM",61847,25.04,0.70,-1.75
"03/04/2017 11:10:00","WEST",61752,21.96,-1.08,-0.45
"03/04/2017 11:15:00","CAPITL",61757,27.92,1.76,-2.41
"03/04/2017 11:15:00","CENTRL",61754,24.18,0.19,-0.24
"03/04/2017 11:15:00","DUNWOD",61760,28.28,2.75,-1.77
"03/04/2017 11:15:00","GENESE",61753,23.25,-0.69,-0.19
"03/04/2017 11:15:00","H Q",61844,22.99,-0.76,0.00
"03/04/2017 11:15:00","HUD VL",61758,28.24,2.73,-1.75
"03/04/2017 11:15:00","LONGIL",61762,29.09,3.56,-1.77
"03/04/2017 11:15:00","MHK VL",61756,24.96,0.95,-0.26
"03/04/2017 11:15:00","MILLWD",61759,28.37,2.83,-1.79
"03/04/2017 11:15:00","N.Y.C.",61761,28.54,3.02,-1.77
"03/04/2017 11:15:00","NORTH",61755,22.83,-0.93,0.00
"03/04/2017 11:15:00","NPX",61845,27.85,1.97,-2.13
"03/04/2017 11:15:00","O H",61846,22.35,-1.66,-0.26
"03/04/2017 11:15:00","PJM",61847,25.40,0.69,-0.96
"03/04/2017 11:15:00","WEST",61752,22.77,-1.24,-0.25
"03/04/2017 11:20:00","CAPITL",61757,27.04,1.89,0.00
"03/04/2017 11:20:00","CENTRL",61754,25.43,0.28,0.00
"03/04/2017 11:20:00","DUNWOD",61760,28.06,2.92,0.00
"03/04/2017 11:20:00","GENESE",61753,24.49,-0.65,0.00
"03/04/2017 11:20:00","H Q",61844,24.29,-0.86,0.00
"03/04/2017 11:20:00","HUD VL",61758,28.04,2.89,0.00
"03/04/2017 11:20:00","LONGIL",61762,28.95,3.80,0.00
"03/04/2017 11:20:00","MHK VL",61756,26.18,1.03,0.00
"03/04/2017 11:20:00","MILLWD",61759,28.14,2.99,0.00
"03/04/2017 11:20:00","N.Y.C.",61761,28.34,3.19,0.00
"03/04/2017 11:20:00","NORTH",61755,24.07,-1.08,0.00
"03/04/2017 11:20:00","NPX",61845,27.26,2.11,0.00
"03/04/2017 11:20:00","O H",61846,23.59,-1.56,0.00
"03/04/2017 11:20:00","PJM",61847,26.05,0.90,0.00
"03/04/2017 11:20:00","WEST",61752,24.02,-1.13,0.00
"03/04/2017 11:25:00","CAPITL",61757,27.91,1.79,-1.93
"03/04/2017 11:25:00","CENTRL",61754,24.62,0.24,-0.19
"03/04/2017 11:25:00","DUNWOD",61760,28.41,2.80,-1.42
"03/04/2017 11:25:00","GENESE",61753,23.66,-0.68,-0.15
"03/04/2017 11:25:00","H Q",61844,23.39,-0.80,0.00
"03/04/2017 11:25:00","HUD VL",61758,28.37,2.78,-1.41
"03/04/2017 11:25:00","LONGIL",61762,29.26,3.65,-1.42
"03/04/2017 11:25:00","MHK VL",61756,25.39,0.99,-0.21
"03/04/2017 11:25:00","MILLWD",61759,28.50,2.88,-1.44
"03/04/2017 11:25:00","N.Y.C.",61761,28.68,3.07,-1.42
"03/04/2017 11:25:00","NORTH",61755,23.22,-0.97,0.00
"03/04/2017 11:25:00","NPX",61845,27.92,2.03,-1.70
"03/04/2017 11:25:00","O H",61846,22.82,-1.57,-0.21
"03/04/2017 11:25:00","PJM",61847,25.78,0.82,-0.77
"03/04/2017 11:25:00","WEST",61752,23.23,-1.16,-0.20
"03/04/2017 11:30:00","CAPITL",61757,27.92,1.76,-2.41
"03/04/2017 11:30:00","CENTRL",61754,24.23,0.24,-0.24
"03/04/2017 11:30:00","DUNWOD",61760,28.28,2.75,-1.77
"03/04/2017 11:30:00","GENESE",61753,23.28,-0.66,-0.19
"03/04/2017 11:30:00","H Q",61844,22.97,-0.78,0.00
"03/04/2017 11:30:00","HUD VL",61758,28.22,2.71,-1.75
"03/04/2017 11:30:00","LONGIL",61762,29.09,3.56,-1.77
"03/04/2017 11:30:00","MHK VL",61756,24.94,0.93,-0.26
"03/04/2017 11:30:00","MILLWD",61759,28.37,2.83,-1.79
"03/04/2017 11:30:00","N.Y.C.",61761,28.54,3.02,-1.77
"03/04/2017 11:30:00","NORTH",61755,22.78,-0.97,0.00
"03/04/2017 11:30:00","NPX",61845,27.85,1.97,-2.13
"03/04/2017 11:30:00","O H",61846,22.42,-1.59,-0.26
"03/04/2017 11:30:00","PJM",61847,25.47,0.76,-0.96
"03/04/2017 11:30:00","WEST",61752,22.82,-1.19,-0.25
"03/04/2017 11:35:00","CAPITL",61757,27.73,1.67,-3.42
"03/04/2017 11:35:00","CENTRL",61754,23.20,0.23,-0.34
"03/04/2017 11:35:00","DUNWOD",61760,27.75,2.60,-2.52
"03/04/2017 11:35:00","GENESE",61753,22.29,-0.61,-0.27
"03/04/2017 11:35:00","H Q",61844,21.89,-0.75,0.00
"03/04/2017 11:35:00","HUD VL",61758,27.70,2.58,-2.49
"03/04/2017 11:35:00","LONGIL",61762,28.50,3.35,-2.52
"03/04/2017 11:35:00","MHK VL",61756,23.86,0.86,-0.36
"03/04/2017 11:35:00","MILLWD",61759,27.85,2.67,-2.55
"03/04/2017 11:35:00","N.Y.C.",61761,28.00,2.85,-2.52
"03/04/2017 11:35:00","NORTH",61755,21.61,-1.02,0.00
"03/04/2017 11:35:00","NPX",61845,27.53,1.88,-3.02
"03/04/2017 11:35:00","O H",61846,21.48,-1.52,-0.37
"03/04/2017 11:35:00","PJM",61847,24.68,0.68,-1.36
"03/04/2017 11:35:00","WEST",61752,21.85,-1.13,-0.35
"03/04/2017 11:40:00","CAPITL",61757,27.60,1.72,-2.67
"03/04/2017 11:40:00","CENTRL",61754,23.71,0.23,-0.26
"03/04/2017 11:40:00","DUNWOD",61760,27.84,2.67,-1.96
"03/04/2017 11:40:00","GENESE",61753,22.77,-0.65,-0.21
"03/04/2017 11:40:00","H Q",61844,22.42,-0.79,0.00
"03/04/2017 11:40:00","HUD VL",61758,27.80,2.64,-1.94
"03/04/2017 11:40:00","LONGIL",61762,28.61,3.43,-1.96
"03/04/2017 11:40:00","MHK VL",61756,24.38,0.88,-0.28
"03/04/2017 11:40:00","MILLWD",61759,27.93,2.74,-1.99
"03/04/2017 11:40:00","N.Y.C.",61761,28.10,2.92,-1.96
"03/04/2017 11:40:00","NORTH",61755,22.17,-1.04,0.00
"03/04/2017 11:40:00","NPX",61845,27.49,1.93,-2.36
"03/04/2017 11:40:00","O H",61846,21.92,-1.58,-0.29
"03/04/2017 11:40:00","PJM",61847,24.99,0.72,-1.06
"03/04/2017 11:40:00","WEST",61752,22.30,-1.18,-0.28
"03/04/2017 11:45:00","CAPITL",61757,25.95,1.81,-0.07
"03/04/2017 11:45:00","CENTRL",61754,24.35,0.27,-0.01
"03/04/2017 11:45:00","DUNWOD",61760,26.90,2.77,-0.05
"03/04/2017 11:45:00","GENESE",61753,23.48,-0.60,-0.01
"03/04/2017 11:45:00","H Q",61844,23.26,-0.82,0.00
"03/04/2017 11:45:00","HUD VL",61758,26.87,2.74,-0.05
"03/04/2017 11:45:00","LONGIL",61762,27.69,3.56,-0.05
"03/04/2017 11:45:00","MHK VL",61756,25.00,0.91,-0.01
"03/04/2017 11:45:00","MILLWD",61759,26.97,2.84,-0.05
"03/04/2017 11:45:00","N.Y.C.",61761,27.16,3.03,-0.05
"03/04/2017 11:45:00","NORTH",61755,22.97,-1.11,0.00
"03/04/2017 11:45:00","NPX",61845,26.14,2.00,-0.06
"03/04/2017 11:45:00","O H",61846,22.57,-1.52,-0.01
"03/04/2017 11:45:00","PJM",61847,24.93,0.82,-0.03
"03/04/2017 11:45:00","WEST",61752,22.98,-1.11,-0.01
"03/04/2017 11:50:00","CAPITL",61757,27.90,1.78,-2.36
"03/04/2017 11:50:00","CENTRL",61754,24.25,0.26,-0.23
"03/04/2017 11:50:00","DUNWOD",61760,28.20,2.71,-1.73
"03/04/2017 11:50:00","GENESE",61753,23.32,-0.62,-0.19
"03/04/2017 11:50:00","H Q",61844,22.95,-0.81,0.00
"03/04/2017 11:50:00","HUD VL",61758,28.16,2.68,-1.72
"03/04/2017 11:50:00","LONGIL",61762,29.00,3.52,-1.73
"03/04/2017 11:50:00","MHK VL",61756,24.91,0.90,-0.25
"03/04/2017 11:50:00","MILLWD",61759,28.29,2.78,-1.75
"03/04/2017 11:50:00","N.Y.C.",61761,28.43,2.95,-1.73
"03/04/2017 11:50:00","NORTH",61755,22.69,-1.07,0.00
"03/04/2017 11:50:00","NPX",61845,27.83,2.00,-2.08
"03/04/2017 11:50:00","O H",61846,22.49,-1.52,-0.25
"03/04/2017 11:50:00","PJM",61847,25.46,0.76,-0.94
"03/04/2017 11:50:00","WEST",61752,22.88,-1.12,-0.24
"03/04/2017 11:55:00","CAPITL",61757,27.90,1.78,-2.36
"03/04/2017 11:55:00","CENTRL",61754,24.23,0.24,-0.23
"03/04/2017 11:55:00","DUNWOD",61760,28.22,2.73,-1.73
"03/04/2017 11:55:00","GENESE",61753,23.30,-0.64,-0.19
"03/04/2017 11:55:00","H Q",61844,22.95,-0.81,0.00
"03/04/2017 11:55:00","HUD VL",61758,28.18,2.71,-1.72
"03/04/2017 11:55:00","LONGIL",61762,29.03,3.54,-1.73
"03/04/2017 11:55:00","MHK VL",61756,24.91,0.90,-0.25
"03/04/2017 11:55:00","MILLWD",61759,28.29,2.78,-1.75
"03/04/2017 11:55:00","N.Y.C.",61761,28.46,2.97,-1.73
"03/04/2017 11:55:00","NORTH",61755,22.69,-1.07,0.00
"03/04/2017 11:55:00","NPX",61845,27.83,2.00,-2.08
"03/04/2017 11:55:00","O H",61846,22.46,-1.54,-0.25
"03/04/2017 11:55:00","PJM",61847,25.48,0.78,-0.94
"03/04/2017 11:55:00","WEST",61752,22.86,-1.14,-0.24
"03/04/2017 12:00:00","CAPITL",61757,30.17,1.58,-7.28
"03/04/2017 12:00:00","CENTRL",61754,22.22,0.19,-0.72
"03/04/2017 12:00:00","DUNWOD",61760,29.09,2.43,-5.35
"03/04/2017 12:00:00","GENESE",61753,21.26,-0.62,-0.57
"03/04/2017 12:00:00","H Q",61844,20.61,-0.70,0.00
"03/04/2017 12:00:00","HUD VL",61758,29.02,2.41,-5.30
"03/04/2017 12:00:00","LONGIL",61762,29.80,3.13,-5.35
"03/04/2017 12:00:00","MHK VL",61756,22.87,0.79,-0.78
"03/04/2017 12:00:00","MILLWD",61759,29.22,2.49,-5.42
"03/04/2017 12:00:00","N.Y.C.",61761,29.33,2.66,-5.35
"03/04/2017 12:00:00","NORTH",61755,20.37,-0.94,0.00
"03/04/2017 12:00:00","NPX",61845,29.53,1.79,-6.43
"03/04/2017 12:00:00","O H",61846,20.62,-1.47,-0.78
"03/04/2017 12:00:00","PJM",61847,24.85,0.64,-2.90
"03/04/2017 12:00:00","WEST",61752,20.95,-1.11,-0.75
"03/04/2017 12:05:00","CAPITL",61757,28.67,1.42,-8.05
"03/04/2017 12:05:00","CENTRL",61754,20.17,0.17,-0.80
"03/04/2017 12:05:00","DUNWOD",61760,27.29,2.17,-5.92
"03/04/2017 12:05:00","GENESE",61753,19.31,-0.52,-0.63
"03/04/2017 12:05:00","H Q",61844,18.54,-0.65,0.00
"03/04/2017 12:05:00","HUD VL",61758,27.21,2.15,-5.87
"03/04/2017 12:05:00","LONGIL",61762,27.84,2.72,-5.92
"03/04/2017 12:05:00","MHK VL",61756,20.77,0.71,-0.86
"03/04/2017 12:05:00","MILLWD",61759,27.40,2.21,-5.99
"03/04/2017 12:05:00","N.Y.C.",61761,27.50,2.38,-5.92
"03/04/2017 12:05:00","NORTH",61755,18.31,-0.88,0.00
"03/04/2017 12:05:00","NPX",61845,27.94,1.63,-7.11
"03/04/2017 12:05:00","O H",61846,18.77,-1.29,-0.86
"03/04/2017 12:05:00","PJM",61847,22.95,0.54,-3.21
"03/04/2017 12:05:00","WEST",61752,19.07,-0.96,-0.83
"03/04/2017 12:10:00","CAPITL",61757,28.06,1.35,-8.46
"03/04/2017 12:10:00","CENTRL",61754,19.25,0.16,-0.84
"03/04/2017 12:10:00","DUNWOD",61760,26.55,2.08,-6.22
"03/04/2017 12:10:00","GENESE",61753,18.44,-0.47,-0.67
"03/04/2017 12:10:00","H Q",61844,17.63,-0.62,0.00
"03/04/2017 12:10:00","HUD VL",61758,26.47,2.06,-6.16
"03/04/2017 12:10:00","LONGIL",61762,27.08,2.61,-6.22
"03/04/2017 12:10:00","MHK VL",61756,19.83,0.68,-0.90
"03/04/2017 12:10:00","MILLWD",61759,26.68,2.13,-6.29
"03/04/2017 12:10:00","N.Y.C.",61761,26.77,2.30,-6.22
"03/04/2017 12:10:00","NORTH",61755,17.39,-0.86,0.00
"03/04/2017 12:10:00","NPX",61845,27.25,1.53,-7.47
"03/04/2017 12:10:00","O H",61846,17.95,-1.21,-0.90
"03/04/2017 12:10:00","PJM",61847,22.15,0.53,-3.37
"03/04/2017 12:10:00","WEST",61752,18.25,-0.88,-0.87
"03/04/2017 12:15:00","CAPITL",61757,32.07,1.23,-13.95
"03/04/2017 12:15:00","CENTRL",61754,18.42,0.15,-1.39
"03/04/2017 12:15:00","DUNWOD",61760,29.12,1.97,-10.26
"03/04/2017 12:15:00","GENESE",61753,17.56,-0.42,-1.10
"03/04/2017 12:15:00","H Q",61844,16.29,-0.59,0.00
"03/04/2017 12:15:00","HUD VL",61758,28.99,1.94,-10.16
"03/04/2017 12:15:00","LONGIL",61762,29.59,2.45,-10.26
"03/04/2017 12:15:00","MHK VL",61756,19.04,0.64,-1.51
"03/04/2017 12:15:00","MILLWD",61759,29.28,2.01,-10.38
"03/04/2017 12:15:00","N.Y.C.",61761,29.31,2.16,-10.26
"03/04/2017 12:15:00","NORTH",61755,16.08,-0.81,0.00
"03/04/2017 12:15:00","NPX",61845,30.64,1.43,-12.32
"03/04/2017 12:15:00","O H",61846,17.28,-1.10,-1.49
"03/04/2017 12:15:00","PJM",61847,22.94,0.49,-5.57
"03/04/2017 12:15:00","WEST",61752,17.51,-0.81,-1.44
"03/04/2017 12:20:00","CAPITL",61757,32.02,1.23,-13.90
"03/04/2017 12:20:00","CENTRL",61754,18.42,0.15,-1.38
"03/04/2017 12:20:00","DUNWOD",61760,29.10,1.99,-10.22
"03/04/2017 12:20:00","GENESE",61753,17.56,-0.42,-1.09
"03/04/2017 12:20:00","H Q",61844,16.30,-0.59,0.00
"03/04/2017 12:20:00","HUD VL",61758,28.95,1.94,-10.12
"03/04/2017 12:20:00","LONGIL",61762,29.58,2.47,-10.22
"03/04/2017 12:20:00","MHK VL",61756,19.04,0.64,-1.50
"03/04/2017 12:20:00","MILLWD",61759,29.26,2.03,-10.34
"03/04/2017 12:20:00","N.Y.C.",61761,29.29,2.18,-10.22
"03/04/2017 12:20:00","NORTH",61755,16.06,-0.83,0.00
"03/04/2017 12:20:00","NPX",61845,30.59,1.43,-12.27
"03/04/2017 12:20:00","O H",61846,17.28,-1.10,-1.49
"03/04/2017 12:20:00","PJM",61847,22.93,0.49,-5.54
"03/04/2017 12:20:00","WEST",61752,17.51,-0.81,-1.43
"03/04/2017 12:25:00","CAPITL",61757,34.75,0.90,-21.39
"03/04/2017 12:25:00","CENTRL",61754,14.73,0.14,-2.12
"03/04/2017 12:25:00","DUNWOD",61760,29.65,1.46,-15.73
"03/04/2017 12:25:00","GENESE",61753,13.86,-0.29,-1.68
"03/04/2017 12:25:00","H Q",61844,12.03,-0.44,0.00
"03/04/2017 12:25:00","HUD VL",61758,29.47,1.43,-15.58
"03/04/2017 12:25:00","LONGIL",61762,30.01,1.82,-15.73
"03/04/2017 12:25:00","MHK VL",61756,15.25,0.47,-2.31
"03/04/2017 12:25:00","MILLWD",61759,29.86,1.48,-15.91
"03/04/2017 12:25:00","N.Y.C.",61761,29.79,1.60,-15.73
"03/04/2017 12:25:00","NORTH",61755,11.85,-0.61,0.00
"03/04/2017 12:25:00","NPX",61845,32.39,1.05,-18.88
"03/04/2017 12:25:00","O H",61846,13.98,-0.77,-2.29
"03/04/2017 12:25:00","PJM",61847,21.38,0.39,-8.53
"03/04/2017 12:25:00","WEST",61752,14.11,-0.56,-2.20
"03/04/2017 12:30:00","CAPITL",61757,34.05,0.91,-20.61
"03/04/2017 12:30:00","CENTRL",61754,14.70,0.13,-2.05
"03/04/2017 12:30:00","DUNWOD",61760,29.15,1.47,-15.15
"03/04/2017 12:30:00","GENESE",61753,13.87,-0.29,-1.62
"03/04/2017 12:30:00","H Q",61844,12.09,-0.44,0.00
"03/04/2017 12:30:00","HUD VL",61758,28.98,1.44,-15.01
"03/04/2017 12:30:00","LONGIL",61762,29.50,1.82,-15.15
"03/04/2017 12:30:00","MHK VL",61756,15.24,0.48,-2.23
"03/04/2017 12:30:00","MILLWD",61759,29.35,1.49,-15.33
"03/04/2017 12:30:00","N.Y.C.",61761,29.29,1.60,-15.15
"03/04/2017 12:30:00","NORTH",61755,11.92,-0.61,0.00
"03/04/2017 12:30:00","NPX",61845,31.78,1.05,-18.19
"03/04/2017 12:30:00","O H",61846,13.96,-0.78,-2.20
"03/04/2017 12:30:00","PJM",61847,21.13,0.38,-8.22
"03/04/2017 12:30:00","WEST",61752,14.10,-0.55,-2.12
"03/04/2017 12:35:00","CAPITL",61757,29.93,0.95,-16.02
"03/04/2017 12:35:00","CENTRL",61754,14.70,0.14,-1.59
"03/04/2017 12:35:00","DUNWOD",61760,26.25,1.50,-11.78
"03/04/2017 12:35:00","GENESE",61753,13.96,-0.27,-1.26
"03/04/2017 12:35:00","H Q",61844,12.52,-0.45,0.00
"03/04/2017 12:35:00","HUD VL",61758,26.11,1.48,-11.66
"03/04/2017 12:35:00","LONGIL",61762,26.61,1.87,-11.77
"03/04/2017 12:35:00","MHK VL",61756,15.20,0.49,-1.73
"03/04/2017 12:35:00","MILLWD",61759,26.42,1.53,-11.91
"03/04/2017 12:35:00","N.Y.C.",61761,26.41,1.66,-11.78
"03/04/2017 12:35:00","NORTH",61755,12.32,-0.65,0.00
"03/04/2017 12:35:00","NPX",61845,28.20,1.09,-14.14
"03/04/2017 12:35:00","O H",61846,13.91,-0.78,-1.71
"03/04/2017 12:35:00","PJM",61847,19.76,0.40,-6.39
"03/04/2017 12:35:00","WEST",61752,14.08,-0.54,-1.65
"03/04/2017 12:40:00","CAPITL",61757,30.20,0.94,-16.32
"03/04/2017 12:40:00","CENTRL",61754,14.72,0.16,-1.62
"03/04/2017 12:40:00","DUNWOD",61760,26.44,1.50,-12.00
"03/04/2017 12:40:00","GENESE",61753,13.95,-0.27,-1.28
"03/04/2017 12:40:00","H Q",61844,12.47,-0.47,0.00
"03/04/2017 12:40:00","HUD VL",61758,26.30,1.47,-11.88
"03/04/2017 12:40:00","LONGIL",61762,26.80,1.86,-12.00
"03/04/2017 12:40:00","MHK VL",61756,15.20,0.49,-1.76
"03/04/2017 12:40:00","MILLWD",61759,26.61,1.53,-12.14
"03/04/2017 12:40:00","N.Y.C.",61761,26.60,1.66,-12.00
"03/04/2017 12:40:00","NORTH",61755,12.28,-0.66,0.00
"03/04/2017 12:40:00","NPX",61845,28.43,1.09,-14.41
"03/04/2017 12:40:00","O H",61846,13.92,-0.76,-1.75
"03/04/2017 12:40:00","PJM",61847,19.85,0.40,-6.51
"03/04/2017 12:40:00","WEST",61752,14.09,-0.53,-1.68
"03/04/2017 12:45:00","CAPITL",61757,28.19,0.98,-14.04
"03/04/2017 12:45:00","CENTRL",61754,14.73,0.16,-1.39
"03/04/2017 12:45:00","DUNWOD",61760,25.02,1.51,-10.32
"03/04/2017 12:45:00","GENESE",61753,14.01,-0.28,-1.10
"03/04/2017 12:45:00","H Q",61844,12.70,-0.47,0.00
"03/04/2017 12:45:00","HUD VL",61758,24.90,1.50,-10.22
"03/04/2017 12:45:00","LONGIL",61762,25.38,1.88,-10.32
"03/04/2017 12:45:00","MHK VL",61756,15.18,0.49,-1.52
"03/04/2017 12:45:00","MILLWD",61759,25.16,1.54,-10.45
"03/04/2017 12:45:00","N.Y.C.",61761,25.18,1.67,-10.33
"03/04/2017 12:45:00","NORTH",61755,12.49,-0.69,0.00
"03/04/2017 12:45:00","NPX",61845,26.68,1.11,-12.39
"03/04/2017 12:45:00","O H",61846,13.90,-0.78,-1.50
"03/04/2017 12:45:00","PJM",61847,19.19,0.41,-5.60
"03/04/2017 12:45:00","WEST",61752,14.08,-0.54,-1.45
"03/04/2017 12:50:00","CAPITL",61757,28.17,0.96,-14.04
"03/04/2017 12:50:00","CENTRL",61754,14.70,0.15,-1.39
"03/04/2017 12:50:00","DUNWOD",61760,25.00,1.51,-10.33
"03/04/2017 12:50:00","GENESE",61753,13.99,-0.28,-1.10
"03/04/2017 12:50:00","H Q",61844,12.69,-0.47,0.00
"03/04/2017 12:50:00","HUD VL",61758,24.89,1.50,-10.23
"03/04/2017 12:50:00","LONGIL",61762,25.36,1.87,-10.32
"03/04/2017 12:50:00","MHK VL",61756,15.17,0.49,-1.52
"03/04/2017 12:50:00","MILLWD",61759,25.15,1.54,-10.45
"03/04/2017 12:50:00","N.Y.C.",61761,25.16,1.67,-10.33
"03/04/2017 12:50:00","NORTH",61755,12.48,-0.69,0.00
"03/04/2017 12:50:00","NPX",61845,26.65,1.09,-12.39
"03/04/2017 12:50:00","O H",61846,13.89,-0.78,-1.50
"03/04/2017 12:50:00","PJM",61847,19.17,0.41,-5.60
"03/04/2017 12:50:00","WEST",61752,14.07,-0.54,-1.45
"03/04/2017 12:55:00","CAPITL",61757,28.18,0.97,-14.06
"03/04/2017 12:55:00","CENTRL",61754,14.70,0.16,-1.40
"03/04/2017 12:55:00","DUNWOD",61760,25.00,1.51,-10.34
"03/04/2017 12:55:00","GENESE",61753,13.99,-0.26,-1.11
"03/04/2017 12:55:00","H Q",61844,12.68,-0.47,0.00
"03/04/2017 12:55:00","HUD VL",61758,24.88,1.50,-10.24
"03/04/2017 12:55:00","LONGIL",61762,25.35,1.87,-10.34
"03/04/2017 12:55:00","MHK VL",61756,15.15,0.49,-1.52
"03/04/2017 12:55:00","MILLWD",61759,25.15,1.54,-10.46
"03/04/2017 12:55:00","N.Y.C.",61761,25.16,1.67,-10.34
"03/04/2017 12:55:00","NORTH",61755,12.45,-0.70,0.00
"03/04/2017 12:55:00","NPX",61845,26.65,1.09,-12.41
"03/04/2017 12:55:00","O H",61846,13.89,-0.76,-1.50
"03/04/2017 12:55:00","PJM",61847,19.16,0.41,-5.61
"03/04/2017 12:55:00","WEST",61752,14.08,-0.51,-1.45
"03/04/2017 13:00:00","CAPITL",61757,27.68,0.97,-13.54
"03/04/2017 13:00:00","CENTRL",61754,14.68,0.16,-1.34
"03/04/2017 13:00:00","DUNWOD",61760,24.63,1.50,-9.95
"03/04/2017 13:00:00","GENESE",61753,13.99,-0.25,-1.07
"03/04/2017 13:00:00","H Q",61844,12.70,-0.47,0.00
"03/04/2017 13:00:00","HUD VL",61758,24.52,1.49,-9.86
"03/04/2017 13:00:00","LONGIL",61762,25.00,1.87,-9.95
"03/04/2017 13:00:00","MHK VL",61756,15.12,0.49,-1.46
"03/04/2017 13:00:00","MILLWD",61759,24.77,1.53,-10.07
"03/04/2017 13:00:00","N.Y.C.",61761,24.77,1.65,-9.95
"03/04/2017 13:00:00","NORTH",61755,12.47,-0.70,0.00
"03/04/2017 13:00:00","NPX",61845,26.23,1.11,-11.95
"03/04/2017 13:00:00","O H",61846,13.90,-0.72,-1.45
"03/04/2017 13:00:00","PJM",61847,18.99,0.42,-5.40
"03/04/2017 13:00:00","WEST",61752,14.08,-0.49,-1.39
"03/04/2017 13:05:00","CAPITL",61757,19.75,1.36,0.00
"03/04/2017 13:05:00","CENTRL",61754,18.72,0.33,0.00
"03/04/2017 13:05:00","DUNWOD",61760,20.44,2.06,0.00
"03/04/2017 13:05:00","GENESE",61753,18.15,-0.24,0.00
"03/04/2017 13:05:00","H Q",61844,17.69,-0.70,0.00
"03/04/2017 13:05:00","HUD VL",61758,20.44,2.06,0.00
"03/04/2017 13:05:00","LONGIL",61762,20.98,2.59,0.00
"03/04/2017 13:05:00","MHK VL",61756,19.10,0.72,0.00
"03/04/2017 13:05:00","MILLWD",61759,20.50,2.11,0.00
"03/04/2017 13:05:00","N.Y.C.",61761,20.65,2.26,0.00
"03/04/2017 13:05:00","NORTH",61755,17.32,-1.07,0.00
"03/04/2017 13:05:00","NPX",61845,19.91,1.53,0.00
"03/04/2017 13:05:00","O H",61846,17.56,-0.83,0.00
"03/04/2017 13:05:00","PJM",61847,19.10,0.72,0.00
"03/04/2017 13:05:00","WEST",61752,17.89,-0.50,0.00
"03/04/2017 13:10:00","CAPITL",61757,28.00,1.27,-9.61
"03/04/2017 13:10:00","CENTRL",61754,18.29,0.22,-0.95
"03/04/2017 13:10:00","DUNWOD",61760,26.14,1.95,-7.07
"03/04/2017 13:10:00","GENESE",61753,17.57,-0.31,-0.76
"03/04/2017 13:10:00","H Q",61844,16.48,-0.63,0.00
"03/04/2017 13:10:00","HUD VL",61758,26.05,1.93,-7.00
"03/04/2017 13:10:00","LONGIL",61762,26.62,2.43,-7.07
"03/04/2017 13:10:00","MHK VL",61756,18.79,0.63,-1.04
"03/04/2017 13:10:00","MILLWD",61759,26.27,2.00,-7.15
"03/04/2017 13:10:00","N.Y.C.",61761,26.33,2.14,-7.07
"03/04/2017 13:10:00","NORTH",61755,16.18,-0.94,0.00
"03/04/2017 13:10:00","NPX",61845,27.04,1.44,-8.49
"03/04/2017 13:10:00","O H",61846,17.24,-0.91,-1.03
"03/04/2017 13:10:00","PJM",61847,21.53,0.58,-3.83
"03/04/2017 13:10:00","WEST",61752,17.51,-0.60,-0.99
"03/04/2017 13:15:00","CAPITL",61757,27.99,1.25,-9.37
"03/04/2017 13:15:00","CENTRL",61754,18.45,0.16,-0.93
"03/04/2017 13:15:00","DUNWOD",61760,26.24,1.98,-6.89
"03/04/2017 13:15:00","GENESE",61753,17.65,-0.45,-0.74
"03/04/2017 13:15:00","H Q",61844,16.78,-0.59,0.00
"03/04/2017 13:15:00","HUD VL",61758,26.15,1.96,-6.82
"03/04/2017 13:15:00","LONGIL",61762,26.72,2.47,-6.89
"03/04/2017 13:15:00","MHK VL",61756,19.01,0.62,-1.01
"03/04/2017 13:15:00","MILLWD",61759,26.35,2.01,-6.97
"03/04/2017 13:15:00","N.Y.C.",61761,26.45,2.19,-6.89
"03/04/2017 13:15:00","NORTH",61755,16.52,-0.85,0.00
"03/04/2017 13:15:00","NPX",61845,27.08,1.44,-8.27
"03/04/2017 13:15:00","O H",61846,17.24,-1.13,-1.00
"03/04/2017 13:15:00","PJM",61847,21.59,0.49,-3.74
"03/04/2017 13:15:00","WEST",61752,17.50,-0.83,-0.97
"03/04/2017 13:20:00","CAPITL",61757,27.94,1.31,-8.37
"03/04/2017 13:20:00","CENTRL",61754,19.27,0.18,-0.83
"03/04/2017 13:20:00","DUNWOD",61760,26.53,2.12,-6.16
"03/04/2017 13:20:00","GENESE",61753,18.44,-0.47,-0.66
"03/04/2017 13:20:00","H Q",61844,17.61,-0.64,0.00
"03/04/2017 13:20:00","HUD VL",61758,26.43,2.08,-6.10
"03/04/2017 13:20:00","LONGIL",61762,27.02,2.61,-6.16
"03/04/2017 13:20:00","MHK VL",61756,19.81,0.66,-0.91
"03/04/2017 13:20:00","MILLWD",61759,26.63,2.15,-6.23
"03/04/2017 13:20:00","N.Y.C.",61761,26.75,2.34,-6.16
"03/04/2017 13:20:00","NORTH",61755,17.32,-0.93,0.00
"03/04/2017 13:20:00","NPX",61845,27.16,1.51,-7.39
"03/04/2017 13:20:00","O H",61846,17.98,-1.17,-0.90
"03/04/2017 13:20:00","PJM",61847,22.16,0.57,-3.34
"03/04/2017 13:20:00","WEST",61752,18.26,-0.86,-0.86
"03/04/2017 13:25:00","CAPITL",61757,27.97,1.25,-9.37
"03/04/2017 13:25:00","CENTRL",61754,18.47,0.19,-0.93
"03/04/2017 13:25:00","DUNWOD",61760,26.25,2.01,-6.89
"03/04/2017 13:25:00","GENESE",61753,17.65,-0.43,-0.74
"03/04/2017 13:25:00","H Q",61844,16.74,-0.61,0.00
"03/04/2017 13:25:00","HUD VL",61758,26.17,1.99,-6.83
"03/04/2017 13:25:00","LONGIL",61762,26.72,2.48,-6.89
"03/04/2017 13:25:00","MHK VL",61756,18.99,0.62,-1.01
"03/04/2017 13:25:00","MILLWD",61759,26.37,2.05,-6.97
"03/04/2017 13:25:00","N.Y.C.",61761,26.46,2.22,-6.89
"03/04/2017 13:25:00","NORTH",61755,16.43,-0.92,0.00
"03/04/2017 13:25:00","NPX",61845,27.06,1.44,-8.28
"03/04/2017 13:25:00","O H",61846,17.28,-1.08,-1.00
"03/04/2017 13:25:00","PJM",61847,21.64,0.56,-3.74
"03/04/2017 13:25:00","WEST",61752,17.53,-0.78,-0.97
"03/04/2017 13:30:00","CAPITL",61757,27.36,1.25,-8.71
"03/04/2017 13:30:00","CENTRL",61754,18.46,0.19,-0.86
"03/04/2017 13:30:00","DUNWOD",61760,25.82,2.02,-6.41
"03/04/2017 13:30:00","GENESE",61753,17.65,-0.43,-0.69
"03/04/2017 13:30:00","H Q",61844,16.79,-0.61,0.00
"03/04/2017 13:30:00","HUD VL",61758,25.72,1.98,-6.34
"03/04/2017 13:30:00","LONGIL",61762,26.29,2.49,-6.40
"03/04/2017 13:30:00","MHK VL",61756,18.97,0.63,-0.94
"03/04/2017 13:30:00","MILLWD",61759,25.91,2.03,-6.48
"03/04/2017 13:30:00","N.Y.C.",61761,26.03,2.23,-6.41
"03/04/2017 13:30:00","NORTH",61755,16.48,-0.92,0.00
"03/04/2017 13:30:00","NPX",61845,26.53,1.44,-7.69
"03/04/2017 13:30:00","O H",61846,17.25,-1.08,-0.93
"03/04/2017 13:30:00","PJM",61847,21.43,0.56,-3.48
"03/04/2017 13:30:00","WEST",61752,17.53,-0.77,-0.90
"03/04/2017 13:35:00","CAPITL",61757,29.84,0.94,-15.90
"03/04/2017 13:35:00","CENTRL",61754,14.72,0.14,-1.58
"03/04/2017 13:35:00","DUNWOD",61760,26.20,1.51,-11.70
"03/04/2017 13:35:00","GENESE",61753,13.95,-0.30,-1.25
"03/04/2017 13:35:00","H Q",61844,12.54,-0.46,0.00
"03/04/2017 13:35:00","HUD VL",61758,26.07,1.49,-11.58
"03/04/2017 13:35:00","LONGIL",61762,26.55,1.86,-11.70
"03/04/2017 13:35:00","MHK VL",61756,15.19,0.47,-1.72
"03/04/2017 13:35:00","MILLWD",61759,26.36,1.53,-11.83
"03/04/2017 13:35:00","N.Y.C.",61761,26.37,1.68,-11.70
"03/04/2017 13:35:00","NORTH",61755,12.31,-0.69,0.00
"03/04/2017 13:35:00","NPX",61845,28.13,1.09,-14.04
"03/04/2017 13:35:00","O H",61846,13.92,-0.78,-1.70
"03/04/2017 13:35:00","PJM",61847,19.75,0.40,-6.35
"03/04/2017 13:35:00","WEST",61752,14.09,-0.55,-1.64
"03/04/2017 13:40:00","CAPITL",61757,19.64,1.32,0.00
"03/04/2017 13:40:00","CENTRL",61754,18.56,0.24,0.00
"03/04/2017 13:40:00","DUNWOD",61760,20.43,2.11,0.00
"03/04/2017 13:40:00","GENESE",61753,17.94,-0.39,0.00
"03/04/2017 13:40:00","H Q",61844,17.66,-0.66,0.00
"03/04/2017 13:40:00","HUD VL",61758,20.41,2.09,0.00
"03/04/2017 13:40:00","LONGIL",61762,20.94,2.62,0.00
"03/04/2017 13:40:00","MHK VL",61756,19.00,0.68,0.00
"03/04/2017 13:40:00","MILLWD",61759,20.46,2.14,0.00
"03/04/2017 13:40:00","N.Y.C.",61761,20.65,2.33,0.00
"03/04/2017 13:40:00","NORTH",61755,17.33,-0.99,0.00
"03/04/2017 13:40:00","NPX",61845,19.84,1.52,0.00
"03/04/2017 13:40:00","O H",61846,17.30,-1.03,0.00
"03/04/2017 13:40:00","PJM",61847,18.94,0.62,0.00
"03/04/2017 13:40:00","WEST",61752,17.61,-0.71,0.00
"03/04/2017 13:45:00","CAPITL",61757,27.97,1.25,-9.42
"03/04/2017 13:45:00","CENTRL",61754,18.43,0.19,-0.93
"03/04/2017 13:45:00","DUNWOD",61760,26.24,2.01,-6.93
"03/04/2017 13:45:00","GENESE",61753,17.63,-0.42,-0.74
"03/04/2017 13:45:00","H Q",61844,16.70,-0.61,0.00
"03/04/2017 13:45:00","HUD VL",61758,26.14,1.97,-6.86
"03/04/2017 13:45:00","LONGIL",61762,26.71,2.47,-6.93
"03/04/2017 13:45:00","MHK VL",61756,18.95,0.62,-1.02
"03/04/2017 13:45:00","MILLWD",61759,26.36,2.04,-7.01
"03/04/2017 13:45:00","N.Y.C.",61761,26.45,2.22,-6.93
"03/04/2017 13:45:00","NORTH",61755,16.37,-0.93,0.00
"03/04/2017 13:45:00","NPX",61845,27.06,1.44,-8.32
"03/04/2017 13:45:00","O H",61846,17.26,-1.06,-1.01
"03/04/2017 13:45:00","PJM",61847,21.62,0.55,-3.76
"03/04/2017 13:45:00","WEST",61752,17.52,-0.76,-0.97
"03/04/2017 13:50:00","CAPITL",61757,28.13,0.95,-13.98
"03/04/2017 13:50:00","CENTRL",61754,14.74,0.16,-1.39
"03/04/2017 13:50:00","DUNWOD",61760,25.02,1.54,-10.28
"03/04/2017 13:50:00","GENESE",61753,14.01,-0.29,-1.10
"03/04/2017 13:50:00","H Q",61844,12.72,-0.47,0.00
"03/04/2017 13:50:00","HUD VL",61758,24.90,1.52,-10.18
"03/04/2017 13:50:00","LONGIL",61762,25.38,1.90,-10.28
"03/04/2017 13:50:00","MHK VL",61756,15.19,0.47,-1.51
"03/04/2017 13:50:00","MILLWD",61759,25.17,1.57,-10.40
"03/04/2017 13:50:00","N.Y.C.",61761,25.18,1.70,-10.28
"03/04/2017 13:50:00","NORTH",61755,12.45,-0.75,0.00
"03/04/2017 13:50:00","NPX",61845,26.64,1.09,-12.34
"03/04/2017 13:50:00","O H",61846,13.93,-0.77,-1.50
"03/04/2017 13:50:00","PJM",61847,19.24,0.46,-5.58
"03/04/2017 13:50:00","WEST",61752,14.11,-0.53,-1.44
"03/04/2017 13:55:00","CAPITL",61757,28.14,0.95,-14.05
"03/04/2017 13:55:00","CENTRL",61754,14.70,0.16,-1.39
"03/04/2017 13:55:00","DUNWOD",61760,25.02,1.54,-10.33
"03/04/2017 13:55:00","GENESE",61753,13.96,-0.29,-1.11
"03/04/2017 13:55:00","H Q",61844,12.68,-0.47,0.00
"03/04/2017 13:55:00","HUD VL",61758,24.89,1.51,-10.23
"03/04/2017 13:55:00","LONGIL",61762,25.37,1.89,-10.33
"03/04/2017 13:55:00","MHK VL",61756,15.14,0.47,-1.52
"03/04/2017 13:55:00","MILLWD",61759,25.16,1.56,-10.45
"03/04/2017 13:55:00","N.Y.C.",61761,25.19,1.71,-10.33
"03/04/2017 13:55:00","NORTH",61755,12.41,-0.74,0.00
"03/04/2017 13:55:00","NPX",61845,26.66,1.10,-12.40
"03/04/2017 13:55:00","O H",61846,13.90,-0.75,-1.50
"03/04/2017 13:55:00","PJM",61847,19.20,0.45,-5.61
"03/04/2017 13:55:00","WEST",61752,14.08,-0.51,-1.45
"03/04/2017 14:00:00","CAPITL",61757,27.64,0.96,-13.41
"03/04/2017 14:00:00","CENTRL",61754,14.75,0.15,-1.33
"03/04/2017 14:00:00","DUNWOD",61760,24.69,1.55,-9.86
"03/04/2017 14:00:00","GENESE",61753,14.01,-0.32,-1.06
"03/04/2017 14:00:00","H Q",61844,12.80,-0.48,0.00
"03/04/2017 14:00:00","HUD VL",61758,24.56,1.53,-9.77
"03/04/2017 14:00:00","LONGIL",61762,25.03,1.90,-9.86
"03/04/2017 14:00:00","MHK VL",61756,15.20,0.48,-1.45
"03/04/2017 14:00:00","MILLWD",61759,24.82,1.57,-9.98
"03/04/2017 14:00:00","N.Y.C.",61761,24.85,1.71,-9.87
"03/04/2017 14:00:00","NORTH",61755,12.54,-0.73,0.00
"03/04/2017 14:00:00","NPX",61845,26.22,1.10,-11.84
"03/04/2017 14:00:00","O H",61846,13.91,-0.80,-1.43
"03/04/2017 14:00:00","PJM",61847,19.06,0.44,-5.35
"03/04/2017 14:00:00","WEST",61752,14.10,-0.56,-1.38
"03/04/2017 14:05:00","CAPITL",61757,28.08,0.95,-13.91
"03/04/2017 14:05:00","CENTRL",61754,14.75,0.15,-1.38
"03/04/2017 14:05:00","DUNWOD",61760,25.00,1.55,-10.23
"03/04/2017 14:05:00","GENESE",61753,14.00,-0.32,-1.09
"03/04/2017 14:05:00","H Q",61844,12.76,-0.46,0.00
"03/04/2017 14:05:00","HUD VL",61758,24.87,1.52,-10.13
"03/04/2017 14:05:00","LONGIL",61762,25.35,1.90,-10.23
"03/04/2017 14:05:00","MHK VL",61756,15.20,0.48,-1.51
"03/04/2017 14:05:00","MILLWD",61759,25.13,1.56,-10.35
"03/04/2017 14:05:00","N.Y.C.",61761,25.16,1.71,-10.23
"03/04/2017 14:05:00","NORTH",61755,12.48,-0.74,0.00
"03/04/2017 14:05:00","NPX",61845,26.60,1.10,-12.28
"03/04/2017 14:05:00","O H",61846,13.90,-0.81,-1.49
"03/04/2017 14:05:00","PJM",61847,19.19,0.42,-5.55
"03/04/2017 14:05:00","WEST",61752,14.09,-0.57,-1.43
"03/04/2017 14:10:00","CAPITL",61757,27.64,0.95,-13.43
"03/04/2017 14:10:00","CENTRL",61754,14.75,0.16,-1.33
"03/04/2017 14:10:00","DUNWOD",61760,24.69,1.55,-9.88
"03/04/2017 14:10:00","GENESE",61753,14.01,-0.30,-1.06
"03/04/2017 14:10:00","H Q",61844,12.78,-0.48,0.00
"03/04/2017 14:10:00","HUD VL",61758,24.56,1.52,-9.78
"03/04/2017 14:10:00","LONGIL",61762,25.04,1.91,-9.88
"03/04/2017 14:10:00","MHK VL",61756,15.19,0.48,-1.45
"03/04/2017 14:10:00","MILLWD",61759,24.81,1.56,-9.99
"03/04/2017 14:10:00","N.Y.C.",61761,24.85,1.71,-9.88
"03/04/2017 14:10:00","NORTH",61755,12.51,-0.74,0.00
"03/04/2017 14:10:00","NPX",61845,26.22,1.10,-11.86
"03/04/2017 14:10:00","O H",61846,13.91,-0.78,-1.44
"03/04/2017 14:10:00","PJM",61847,19.05,0.44,-5.36
"03/04/2017 14:10:00","WEST",61752,14.10,-0.54,-1.38
"03/04/2017 14:15:00","CAPITL",61757,30.00,0.94,-16.07
"03/04/2017 14:15:00","CENTRL",61754,14.73,0.14,-1.59
"03/04/2017 14:15:00","DUNWOD",61760,26.34,1.53,-11.82
"03/04/2017 14:15:00","GENESE",61753,13.95,-0.31,-1.26
"03/04/2017 14:15:00","H Q",61844,12.53,-0.47,0.00
"03/04/2017 14:15:00","HUD VL",61758,26.20,1.51,-11.70
"03/04/2017 14:15:00","LONGIL",61762,26.71,1.90,-11.81
"03/04/2017 14:15:00","MHK VL",61756,15.18,0.45,-1.73
"03/04/2017 14:15:00","MILLWD",61759,26.49,1.55,-11.95
"03/04/2017 14:15:00","N.Y.C.",61761,26.50,1.69,-11.82
"03/04/2017 14:15:00","NORTH",61755,12.25,-0.74,0.00
"03/04/2017 14:15:00","NPX",61845,28.27,1.09,-14.18
"03/04/2017 14:15:00","O H",61846,13.93,-0.78,-1.72
"03/04/2017 14:15:00","PJM",61847,19.83,0.43,-6.41
"03/04/2017 14:15:00","WEST",61752,14.09,-0.56,-1.65
"03/04/2017 14:20:00","CAPITL",61757,28.08,0.95,-13.88
"03/04/2017 14:20:00","CENTRL",61754,14.79,0.16,-1.37
"03/04/2017 14:20:00","DUNWOD",61760,25.02,1.56,-10.20
"03/04/2017 14:20:00","GENESE",61753,14.01,-0.33,-1.09
"03/04/2017 14:20:00","H Q",61844,12.78,-0.48,0.00
"03/04/2017 14:20:00","HUD VL",61758,24.88,1.52,-10.10
"03/04/2017 14:20:00","LONGIL",61762,25.39,1.93,-10.20
"03/04/2017 14:20:00","MHK VL",61756,15.21,0.46,-1.49
"03/04/2017 14:20:00","MILLWD",61759,25.15,1.58,-10.32
"03/04/2017 14:20:00","N.Y.C.",61761,25.18,1.72,-10.21
"03/04/2017 14:20:00","NORTH",61755,12.48,-0.77,0.00
"03/04/2017 14:20:00","NPX",61845,26.60,1.10,-12.25
"03/04/2017 14:20:00","O H",61846,13.94,-0.79,-1.48
"03/04/2017 14:20:00","PJM",61847,19.25,0.46,-5.54
"03/04/2017 14:20:00","WEST",61752,14.11,-0.57,-1.43
"03/04/2017 14:25:00","CAPITL",61757,28.08,0.94,-13.87
"03/04/2017 14:25:00","CENTRL",61754,14.80,0.16,-1.37
"03/04/2017 14:25:00","DUNWOD",61760,25.03,1.56,-10.20
"03/04/2017 14:25:00","GENESE",61753,14.03,-0.33,-1.09
"03/04/2017 14:25:00","H Q",61844,12.79,-0.48,0.00
"03/04/2017 14:25:00","HUD VL",61758,24.91,1.54,-10.10
"03/04/2017 14:25:00","LONGIL",61762,25.42,1.95,-10.20
"03/04/2017 14:25:00","MHK VL",61756,15.24,0.48,-1.49
"03/04/2017 14:25:00","MILLWD",61759,25.16,1.58,-10.32
"03/04/2017 14:25:00","N.Y.C.",61761,25.21,1.74,-10.20
"03/04/2017 14:25:00","NORTH",61755,12.51,-0.76,0.00
"03/04/2017 14:25:00","NPX",61845,26.62,1.10,-12.25
"03/04/2017 14:25:00","O H",61846,13.94,-0.81,-1.48
"03/04/2017 14:25:00","PJM",61847,19.27,0.46,-5.53
"03/04/2017 14:25:00","WEST",61752,14.11,-0.58,-1.43
"03/04/2017 14:30:00","CAPITL",61757,28.11,0.94,-13.98
"03/04/2017 14:30:00","CENTRL",61754,14.74,0.16,-1.38
"03/04/2017 14:30:00","DUNWOD",61760,25.05,1.57,-10.28
"03/04/2017 14:30:00","GENESE",61753,13.98,-0.32,-1.10
"03/04/2017 14:30:00","H Q",61844,12.72,-0.47,0.00
"03/04/2017 14:30:00","HUD VL",61758,24.90,1.53,-10.18
"03/04/2017 14:30:00","LONGIL",61762,25.42,1.94,-10.28
"03/04/2017 14:30:00","MHK VL",61756,15.16,0.46,-1.50
"03/04/2017 14:30:00","MILLWD",61759,25.18,1.58,-10.40
"03/04/2017 14:30:00","N.Y.C.",61761,25.21,1.73,-10.28
"03/04/2017 14:30:00","NORTH",61755,12.43,-0.77,0.00
"03/04/2017 14:30:00","NPX",61845,26.65,1.11,-12.34
"03/04/2017 14:30:00","O H",61846,13.92,-0.78,-1.50
"03/04/2017 14:30:00","PJM",61847,19.22,0.45,-5.58
"03/04/2017 14:30:00","WEST",61752,14.08,-0.55,-1.44
"03/04/2017 14:35:00","CAPITL",61757,28.10,0.94,-13.98
"03/04/2017 14:35:00","CENTRL",61754,14.73,0.16,-1.38
"03/04/2017 14:35:00","DUNWOD",61760,25.01,1.54,-10.28
"03/04/2017 14:35:00","GENESE",61753,13.98,-0.30,-1.10
"03/04/2017 14:35:00","H Q",61844,12.71,-0.47,0.00
"03/04/2017 14:35:00","HUD VL",61758,24.88,1.52,-10.18
"03/04/2017 14:35:00","LONGIL",61762,25.39,1.92,-10.28
"03/04/2017 14:35:00","MHK VL",61756,15.15,0.46,-1.50
"03/04/2017 14:35:00","MILLWD",61759,25.15,1.57,-10.40
"03/04/2017 14:35:00","N.Y.C.",61761,25.18,1.71,-10.28
"03/04/2017 14:35:00","NORTH",61755,12.42,-0.77,0.00
"03/04/2017 14:35:00","NPX",61845,26.63,1.11,-12.34
"03/04/2017 14:35:00","O H",61846,13.91,-0.77,-1.50
"03/04/2017 14:35:00","PJM",61847,19.21,0.45,-5.58
"03/04/2017 14:35:00","WEST",61752,14.10,-0.53,-1.44
"03/04/2017 14:40:00","CAPITL",61757,27.33,0.96,-13.10
"03/04/2017 14:40:00","CENTRL",61754,14.73,0.16,-1.30
"03/04/2017 14:40:00","DUNWOD",61760,24.48,1.57,-9.63
"03/04/2017 14:40:00","GENESE",61753,14.00,-0.30,-1.03
"03/04/2017 14:40:00","H Q",61844,12.80,-0.48,0.00
"03/04/2017 14:40:00","HUD VL",61758,24.35,1.54,-9.54
"03/04/2017 14:40:00","LONGIL",61762,24.86,1.95,-9.63
"03/04/2017 14:40:00","MHK VL",61756,15.15,0.46,-1.41
"03/04/2017 14:40:00","MILLWD",61759,24.60,1.58,-9.74
"03/04/2017 14:40:00","N.Y.C.",61761,24.64,1.73,-9.63
"03/04/2017 14:40:00","NORTH",61755,12.51,-0.77,0.00
"03/04/2017 14:40:00","NPX",61845,25.96,1.12,-11.57
"03/04/2017 14:40:00","O H",61846,13.91,-0.77,-1.40
"03/04/2017 14:40:00","PJM",61847,18.95,0.45,-5.23
"03/04/2017 14:40:00","WEST",61752,14.09,-0.53,-1.35
"03/04/2017 14:45:00","CAPITL",61757,26.88,0.95,-12.56
"03/04/2017 14:45:00","CENTRL",61754,14.77,0.15,-1.24
"03/04/2017 14:45:00","DUNWOD",61760,24.19,1.58,-9.23
"03/04/2017 14:45:00","GENESE",61753,14.03,-0.33,-0.99
"03/04/2017 14:45:00","H Q",61844,12.90,-0.48,0.00
"03/04/2017 14:45:00","HUD VL",61758,24.07,1.55,-9.14
"03/04/2017 14:45:00","LONGIL",61762,24.56,1.95,-9.23
"03/04/2017 14:45:00","MHK VL",61756,15.20,0.47,-1.35
"03/04/2017 14:45:00","MILLWD",61759,24.31,1.59,-9.34
"03/04/2017 14:45:00","N.Y.C.",61761,24.36,1.75,-9.23
"03/04/2017 14:45:00","NORTH",61755,12.63,-0.75,0.00
"03/04/2017 14:45:00","NPX",61845,25.57,1.11,-11.09
"03/04/2017 14:45:00","O H",61846,13.92,-0.80,-1.34
"03/04/2017 14:45:00","PJM",61847,18.84,0.46,-5.01
"03/04/2017 14:45:00","WEST",61752,14.09,-0.57,-1.29
"03/04/2017 14:50:00","CAPITL",61757,21.66,0.99,-6.69
"03/04/2017 14:50:00","CENTRL",61754,14.79,0.15,-0.66
"03/04/2017 14:50:00","DUNWOD",61760,20.54,1.65,-4.92
"03/04/2017 14:50:00","GENESE",61753,14.17,-0.34,-0.53
"03/04/2017 14:50:00","H Q",61844,13.47,-0.50,0.00
"03/04/2017 14:50:00","HUD VL",61758,20.45,1.61,-4.87
"03/04/2017 14:50:00","LONGIL",61762,20.93,2.04,-4.92
"03/04/2017 14:50:00","MHK VL",61756,15.19,0.49,-0.72
"03/04/2017 14:50:00","MILLWD",61759,20.61,1.66,-4.97
"03/04/2017 14:50:00","N.Y.C.",61761,20.71,1.82,-4.92
"03/04/2017 14:50:00","NORTH",61755,13.18,-0.80,0.00
"03/04/2017 14:50:00","NPX",61845,21.04,1.16,-5.90
"03/04/2017 14:50:00","O H",61846,13.85,-0.84,-0.72
"03/04/2017 14:50:00","PJM",61847,17.12,0.48,-2.67
"03/04/2017 14:50:00","WEST",61752,14.08,-0.59,-0.69
"03/04/2017 14:55:00","CAPITL",61757,19.34,1.03,-4.08
"03/04/2017 14:55:00","CENTRL",61754,14.80,0.16,-0.40
"03/04/2017 14:55:00","DUNWOD",61760,18.92,1.68,-3.00
"03/04/2017 14:55:00","GENESE",61753,14.21,-0.34,-0.32
"03/04/2017 14:55:00","H Q",61844,13.74,-0.50,0.00
"03/04/2017 14:55:00","HUD VL",61758,18.84,1.64,-2.97
"03/04/2017 14:55:00","LONGIL",61762,19.33,2.09,-3.00
"03/04/2017 14:55:00","MHK VL",61756,15.17,0.50,-0.44
"03/04/2017 14:55:00","MILLWD",61759,18.97,1.69,-3.04
"03/04/2017 14:55:00","N.Y.C.",61761,19.09,1.85,-3.01
"03/04/2017 14:55:00","NORTH",61755,13.42,-0.81,0.00
"03/04/2017 14:55:00","NPX",61845,19.02,1.18,-3.61
"03/04/2017 14:55:00","O H",61846,13.82,-0.85,-0.44
"03/04/2017 14:55:00","PJM",61847,16.33,0.47,-1.63
"03/04/2017 14:55:00","WEST",61752,14.06,-0.60,-0.42
"03/04/2017 15:00:00","CAPITL",61757,24.86,0.96,-10.39
"03/04/2017 15:00:00","CENTRL",61754,14.72,0.18,-1.03
"03/04/2017 15:00:00","DUNWOD",61760,22.78,1.61,-7.66
"03/04/2017 15:00:00","GENESE",61753,14.05,-0.28,-0.82
"03/04/2017 15:00:00","H Q",61844,13.03,-0.49,0.00
"03/04/2017 15:00:00","HUD VL",61758,22.70,1.58,-7.61
"03/04/2017 15:00:00","LONGIL",61762,23.16,1.99,-7.66
"03/04/2017 15:00:00","MHK VL",61756,15.11,0.47,-1.12
"03/04/2017 15:00:00","MILLWD",61759,22.88,1.62,-7.75
"03/04/2017 15:00:00","N.Y.C.",61761,22.94,1.77,-7.66
"03/04/2017 15:00:00","NORTH",61755,12.73,-0.78,0.00
"03/04/2017 15:00:00","NPX",61845,23.82,1.12,-9.18
"03/04/2017 15:00:00","O H",61846,13.87,-0.76,-1.11
"03/04/2017 15:00:00","PJM",61847,18.14,0.47,-4.15
"03/04/2017 15:00:00","WEST",61752,14.07,-0.51,-1.07
"03/04/2017 15:05:00","CAPITL",61757,28.60,-0.09,-29.91
"03/04/2017 15:05:00","CENTRL",61754,1.72,-0.01,-2.96
"03/04/2017 15:05:00","DUNWOD",61760,20.68,-0.15,-22.06
"03/04/2017 15:05:00","GENESE",61753,1.16,0.03,-2.36
"03/04/2017 15:05:00","H Q",61844,-1.18,0.04,0.00
"03/04/2017 15:05:00","HUD VL",61758,20.54,-0.14,-21.92
"03/04/2017 15:05:00","LONGIL",61762,20.64,-0.18,-22.05
"03/04/2017 15:05:00","MHK VL",61756,1.95,-0.04,-3.22
"03/04/2017 15:05:00","MILLWD",61759,20.94,-0.15,-22.31
"03/04/2017 15:05:00","N.Y.C.",61761,20.67,-0.16,-22.06
"03/04/2017 15:05:00","NORTH",61755,-1.16,0.07,0.00
"03/04/2017 15:05:00","NPX",61845,25.11,-0.10,-26.44
"03/04/2017 15:05:00","O H",61846,2.05,0.07,-3.21
"03/04/2017 15:05:00","PJM",61847,10.69,-0.04,-11.96
"03/04/2017 15:05:00","WEST",61752,1.91,0.05,-3.09
"03/04/2017 15:10:00","CAPITL",61757,24.87,0.97,-10.31
"03/04/2017 15:10:00","CENTRL",61754,14.78,0.16,-1.02
"03/04/2017 15:10:00","DUNWOD",61760,22.81,1.62,-7.60
"03/04/2017 15:10:00","GENESE",61753,14.08,-0.33,-0.81
"03/04/2017 15:10:00","H Q",61844,13.11,-0.49,0.00
"03/04/2017 15:10:00","HUD VL",61758,22.73,1.58,-7.55
"03/04/2017 15:10:00","LONGIL",61762,23.20,2.00,-7.60
"03/04/2017 15:10:00","MHK VL",61756,15.18,0.48,-1.11
"03/04/2017 15:10:00","MILLWD",61759,22.92,1.63,-7.69
"03/04/2017 15:10:00","N.Y.C.",61761,22.98,1.78,-7.60
"03/04/2017 15:10:00","NORTH",61755,12.82,-0.77,0.00
"03/04/2017 15:10:00","NPX",61845,23.85,1.14,-9.11
"03/04/2017 15:10:00","O H",61846,13.90,-0.80,-1.10
"03/04/2017 15:10:00","PJM",61847,18.19,0.48,-4.12
"03/04/2017 15:10:00","WEST",61752,14.09,-0.57,-1.06
"03/04/2017 15:15:00","CAPITL",61757,23.46,0.97,-8.69
"03/04/2017 15:15:00","CENTRL",61754,14.82,0.17,-0.86
"03/04/2017 15:15:00","DUNWOD",61760,21.83,1.63,-6.41
"03/04/2017 15:15:00","GENESE",61753,14.14,-0.34,-0.68
"03/04/2017 15:15:00","H Q",61844,13.31,-0.48,0.00
"03/04/2017 15:15:00","HUD VL",61758,21.77,1.60,-6.37
"03/04/2017 15:15:00","LONGIL",61762,22.22,2.01,-6.41
"03/04/2017 15:15:00","MHK VL",61756,15.22,0.48,-0.94
"03/04/2017 15:15:00","MILLWD",61759,21.92,1.64,-6.49
"03/04/2017 15:15:00","N.Y.C.",61761,22.00,1.79,-6.41
"03/04/2017 15:15:00","NORTH",61755,13.02,-0.77,0.00
"03/04/2017 15:15:00","NPX",61845,22.63,1.14,-7.69
"03/04/2017 15:15:00","O H",61846,13.89,-0.84,-0.93
"03/04/2017 15:15:00","PJM",61847,17.74,0.47,-3.48
"03/04/2017 15:15:00","WEST",61752,14.09,-0.61,-0.90
"03/04/2017 15:20:00","CAPITL",61757,26.89,0.94,-12.54
"03/04/2017 15:20:00","CENTRL",61754,14.79,0.15,-1.24
"03/04/2017 15:20:00","DUNWOD",61760,24.24,1.58,-9.25
"03/04/2017 15:20:00","GENESE",61753,14.04,-0.35,-0.99
"03/04/2017 15:20:00","H Q",61844,12.94,-0.47,0.00
"03/04/2017 15:20:00","HUD VL",61758,24.15,1.55,-9.19
"03/04/2017 15:20:00","LONGIL",61762,24.61,1.96,-9.25
"03/04/2017 15:20:00","MHK VL",61756,15.23,0.47,-1.35
"03/04/2017 15:20:00","MILLWD",61759,24.36,1.59,-9.36
"03/04/2017 15:20:00","N.Y.C.",61761,24.40,1.74,-9.25
"03/04/2017 15:20:00","NORTH",61755,12.65,-0.75,0.00
"03/04/2017 15:20:00","NPX",61845,25.61,1.11,-11.09
"03/04/2017 15:20:00","O H",61846,13.92,-0.83,-1.34
"03/04/2017 15:20:00","PJM",61847,18.85,0.43,-5.02
"03/04/2017 15:20:00","WEST",61752,14.10,-0.60,-1.29
"03/04/2017 15:25:00","CAPITL",61757,24.86,0.95,-10.31
"03/04/2017 15:25:00","CENTRL",61754,14.75,0.14,-1.02
"03/04/2017 15:25:00","DUNWOD",61760,22.80,1.60,-7.60
"03/04/2017 15:25:00","GENESE",61753,14.07,-0.34,-0.81
"03/04/2017 15:25:00","H Q",61844,13.12,-0.48,0.00
"03/04/2017 15:25:00","HUD VL",61758,22.73,1.58,-7.56
"03/04/2017 15:25:00","LONGIL",61762,23.18,1.98,-7.60
"03/04/2017 15:25:00","MHK VL",61756,15.18,0.48,-1.11
"03/04/2017 15:25:00","MILLWD",61759,22.90,1.62,-7.69
"03/04/2017 15:25:00","N.Y.C.",61761,22.96,1.77,-7.60
"03/04/2017 15:25:00","NORTH",61755,12.83,-0.76,0.00
"03/04/2017 15:25:00","NPX",61845,23.84,1.13,-9.11
"03/04/2017 15:25:00","O H",61846,13.87,-0.83,-1.10
"03/04/2017 15:25:00","PJM",61847,18.15,0.43,-4.12
"03/04/2017 15:25:00","WEST",61752,14.07,-0.58,-1.06
"03/04/2017 15:30:00","CAPITL",61757,21.55,0.98,-6.57
"03/04/2017 15:30:00","CENTRL",61754,14.79,0.14,-0.65
"03/04/2017 15:30:00","DUNWOD",61760,20.50,1.65,-4.84
"03/04/2017 15:30:00","GENESE",61753,14.17,-0.35,-0.52
"03/04/2017 15:30:00","H Q",61844,13.51,-0.49,0.00
"03/04/2017 15:30:00","HUD VL",61758,20.46,1.64,-4.82
"03/04/2017 15:30:00","LONGIL",61762,20.92,2.07,-4.84
"03/04/2017 15:30:00","MHK VL",61756,15.20,0.49,-0.71
"03/04/2017 15:30:00","MILLWD",61759,20.58,1.68,-4.90
"03/04/2017 15:30:00","N.Y.C.",61761,20.68,1.83,-4.85
"03/04/2017 15:30:00","NORTH",61755,13.22,-0.78,0.00
"03/04/2017 15:30:00","NPX",61845,20.97,1.16,-5.81
"03/04/2017 15:30:00","O H",61846,13.85,-0.85,-0.70
"03/04/2017 15:30:00","PJM",61847,17.08,0.45,-2.63
"03/04/2017 15:30:00","WEST",61752,14.07,-0.62,-0.68
"03/04/2017 15:35:00","CAPITL",61757,21.60,0.98,-6.64
"03/04/2017 15:35:00","CENTRL",61754,14.78,0.14,-0.66
"03/04/2017 15:35:00","DUNWOD",61760,20.53,1.65,-4.90
"03/04/2017 15:35:00","GENESE",61753,14.15,-0.35,-0.52
"03/04/2017 15:35:00","H Q",61844,13.49,-0.49,0.00
"03/04/2017 15:35:00","HUD VL",61758,20.48,1.63,-4.87
"03/04/2017 15:35:00","LONGIL",61762,20.93,2.06,-4.90
"03/04/2017 15:35:00","MHK VL",61756,15.17,0.48,-0.72
"03/04/2017 15:35:00","MILLWD",61759,20.61,1.68,-4.96
"03/04/2017 15:35:00","N.Y.C.",61761,20.71,1.83,-4.90
"03/04/2017 15:35:00","NORTH",61755,13.20,-0.78,0.00
"03/04/2017 15:35:00","NPX",61845,21.01,1.16,-5.87
"03/04/2017 15:35:00","O H",61846,13.84,-0.85,-0.71
"03/04/2017 15:35:00","PJM",61847,17.10,0.46,-2.66
"03/04/2017 15:35:00","WEST",61752,14.06,-0.60,-0.69
"03/04/2017 15:40:00","CAPITL",61757,21.59,0.98,-6.61
"03/04/2017 15:40:00","CENTRL",61754,14.82,0.17,-0.65
"03/04/2017 15:40:00","DUNWOD",61760,20.53,1.65,-4.88
"03/04/2017 15:40:00","GENESE",61753,14.17,-0.35,-0.52
"03/04/2017 15:40:00","H Q",61844,13.51,-0.49,0.00
"03/04/2017 15:40:00","HUD VL",61758,20.48,1.64,-4.85
"03/04/2017 15:40:00","LONGIL",61762,20.93,2.06,-4.88
"03/04/2017 15:40:00","MHK VL",61756,15.22,0.50,-0.71
"03/04/2017 15:40:00","MILLWD",61759,20.60,1.67,-4.93
"03/04/2017 15:40:00","N.Y.C.",61761,20.70,1.82,-4.88
"03/04/2017 15:40:00","NORTH",61755,13.20,-0.80,0.00
"03/04/2017 15:40:00","NPX",61845,21.01,1.16,-5.85
"03/04/2017 15:40:00","O H",61846,13.87,-0.84,-0.71
"03/04/2017 15:40:00","PJM",61847,17.12,0.48,-2.65
"03/04/2017 15:40:00","WEST",61752,14.08,-0.60,-0.68
"03/04/2017 15:45:00","CAPITL",61757,28.11,0.92,-13.97
"03/04/2017 15:45:00","CENTRL",61754,14.74,0.15,-1.38
"03/04/2017 15:45:00","DUNWOD",61760,25.07,1.56,-10.30
"03/04/2017 15:45:00","GENESE",61753,13.99,-0.32,-1.10
"03/04/2017 15:45:00","H Q",61844,12.75,-0.46,0.00
"03/04/2017 15:45:00","HUD VL",61758,25.00,1.54,-10.24
"03/04/2017 15:45:00","LONGIL",61762,25.45,1.94,-10.30
"03/04/2017 15:45:00","MHK VL",61756,15.18,0.46,-1.51
"03/04/2017 15:45:00","MILLWD",61759,25.22,1.58,-10.42
"03/04/2017 15:45:00","N.Y.C.",61761,25.24,1.73,-10.30
"03/04/2017 15:45:00","NORTH",61755,12.46,-0.75,0.00
"03/04/2017 15:45:00","NPX",61845,26.66,1.10,-12.35
"03/04/2017 15:45:00","O H",61846,13.92,-0.79,-1.50
"03/04/2017 15:45:00","PJM",61847,19.23,0.44,-5.59
"03/04/2017 15:45:00","WEST",61752,14.08,-0.57,-1.44
"03/04/2017 15:50:00","CAPITL",61757,28.12,0.94,-13.99
"03/04/2017 15:50:00","CENTRL",61754,14.72,0.15,-1.38
"03/04/2017 15:50:00","DUNWOD",61760,25.07,1.56,-10.31
"03/04/2017 15:50:00","GENESE",61753,13.99,-0.30,-1.10
"03/04/2017 15:50:00","H Q",61844,12.73,-0.46,0.00
"03/04/2017 15:50:00","HUD VL",61758,24.98,1.53,-10.25
"03/04/2017 15:50:00","LONGIL",61762,25.45,1.94,-10.31
"03/04/2017 15:50:00","MHK VL",61756,15.16,0.46,-1.51
"03/04/2017 15:50:00","MILLWD",61759,25.20,1.57,-10.43
"03/04/2017 15:50:00","N.Y.C.",61761,25.22,1.71,-10.32
"03/04/2017 15:50:00","NORTH",61755,12.46,-0.74,0.00
"03/04/2017 15:50:00","NPX",61845,26.67,1.11,-12.37
"03/04/2017 15:50:00","O H",61846,13.90,-0.79,-1.50
"03/04/2017 15:50:00","PJM",61847,19.21,0.42,-5.60
"03/04/2017 15:50:00","WEST",61752,14.08,-0.55,-1.44
"03/04/2017 15:55:00","CAPITL",61757,15.76,1.04,-0.07
"03/04/2017 15:55:00","CENTRL",61754,14.84,0.18,-0.01
"03/04/2017 15:55:00","DUNWOD",61760,16.42,1.71,-0.05
"03/04/2017 15:55:00","GENESE",61753,14.32,-0.34,-0.01
"03/04/2017 15:55:00","H Q",61844,14.13,-0.53,0.00
"03/04/2017 15:55:00","HUD VL",61758,16.39,1.68,-0.05
"03/04/2017 15:55:00","LONGIL",61762,16.82,2.11,-0.05
"03/04/2017 15:55:00","MHK VL",61756,15.19,0.53,-0.01
"03/04/2017 15:55:00","MILLWD",61759,16.43,1.73,-0.05
"03/04/2017 15:55:00","N.Y.C.",61761,16.60,1.89,-0.05
"03/04/2017 15:55:00","NORTH",61755,13.80,-0.85,0.00
"03/04/2017 15:55:00","NPX",61845,15.93,1.22,-0.06
"03/04/2017 15:55:00","O H",61846,13.80,-0.86,-0.01
"03/04/2017 15:55:00","PJM",61847,15.16,0.48,-0.03
"03/04/2017 15:55:00","WEST",61752,14.06,-0.60,-0.01
"03/04/2017 16:00:00","CAPITL",61757,1.87,-1.91,-30.75
"03/04/2017 16:00:00","CENTRL",61754,-24.22,-0.30,-3.04
"03/04/2017 16:00:00","DUNWOD",61760,-7.39,-3.10,-22.67
"03/04/2017 16:00:00","GENESE",61753,-23.82,0.73,-2.42
"03/04/2017 16:00:00","H Q",61844,-26.05,0.92,0.00
"03/04/2017 16:00:00","HUD VL",61758,-7.50,-3.07,-22.54
"03/04/2017 16:00:00","LONGIL",61762,-8.07,-3.78,-22.67
"03/04/2017 16:00:00","MHK VL",61756,-24.59,-0.94,-3.32
"03/04/2017 16:00:00","MILLWD",61759,-7.18,-3.15,-22.94
"03/04/2017 16:00:00","N.Y.C.",61761,-7.72,-3.43,-22.68
"03/04/2017 16:00:00","NORTH",61755,-25.51,1.46,0.00
"03/04/2017 16:00:00","NPX",61845,-2.02,-2.24,-27.19
"03/04/2017 16:00:00","O H",61846,-21.92,1.75,-3.30
"03/04/2017 16:00:00","PJM",61847,-15.48,-0.81,-12.30
"03/04/2017 16:00:00","WEST",61752,-22.50,1.29,-3.17
"03/04/2017 16:05:00","CAPITL",61757,38.77,-1.91,-67.65
"03/04/2017 16:05:00","CENTRL",61754,-20.52,-0.24,-6.69
"03/04/2017 16:05:00","DUNWOD",61760,19.82,-3.10,-49.89
"03/04/2017 16:05:00","GENESE",61753,-20.86,0.78,-5.33
"03/04/2017 16:05:00","H Q",61844,-26.05,0.92,0.00
"03/04/2017 16:05:00","HUD VL",61758,19.55,-3.07,-49.59
"03/04/2017 16:05:00","LONGIL",61762,19.14,-3.78,-49.88
"03/04/2017 16:05:00","MHK VL",61756,-20.61,-0.94,-7.30
"03/04/2017 16:05:00","MILLWD",61759,20.34,-3.15,-50.47
"03/04/2017 16:05:00","N.Y.C.",61761,19.50,-3.43,-49.89
"03/04/2017 16:05:00","NORTH",61755,-25.54,1.43,0.00
"03/04/2017 16:05:00","NPX",61845,30.58,-2.27,-59.81
"03/04/2017 16:05:00","O H",61846,-17.88,1.83,-7.25
"03/04/2017 16:05:00","PJM",61847,-0.69,-0.78,-27.06
"03/04/2017 16:05:00","WEST",61752,-18.59,1.40,-6.98
"03/04/2017 16:10:00","CAPITL",61757,35.98,-1.91,-64.74
"03/04/2017 16:10:00","CENTRL",61754,-20.72,-0.27,-6.40
"03/04/2017 16:10:00","DUNWOD",61760,17.80,-3.09,-47.73
"03/04/2017 16:10:00","GENESE",61753,-21.00,0.75,-5.10
"03/04/2017 16:10:00","H Q",61844,-25.94,0.91,0.00
"03/04/2017 16:10:00","HUD VL",61758,17.54,-3.06,-47.45
"03/04/2017 16:10:00","LONGIL",61762,17.12,-3.76,-47.73
"03/04/2017 16:10:00","MHK VL",61756,-20.83,-0.97,-6.98
"03/04/2017 16:10:00","MILLWD",61759,18.30,-3.14,-48.29
"03/04/2017 16:10:00","N.Y.C.",61761,17.48,-3.41,-47.74
"03/04/2017 16:10:00","NORTH",61755,-25.46,1.40,0.00
"03/04/2017 16:10:00","NPX",61845,28.12,-2.26,-57.23
"03/04/2017 16:10:00","O H",61846,-18.17,1.74,-6.94
"03/04/2017 16:10:00","PJM",61847,-1.79,-0.83,-25.89
"03/04/2017 16:10:00","WEST",61752,-18.86,1.32,-6.68
"03/04/2017 16:15:00","CAPITL",61757,29.38,-1.90,-57.99
"03/04/2017 16:15:00","CENTRL",61754,-21.26,-0.29,-5.74
"03/04/2017 16:15:00","DUNWOD",61760,12.95,-3.10,-42.76
"03/04/2017 16:15:00","GENESE",61753,-21.43,0.72,-4.56
"03/04/2017 16:15:00","H Q",61844,-25.80,0.91,0.00
"03/04/2017 16:15:00","HUD VL",61758,12.74,-3.07,-42.52
"03/04/2017 16:15:00","LONGIL",61762,12.28,-3.77,-42.76
"03/04/2017 16:15:00","MHK VL",61756,-21.38,-0.96,-6.29
"03/04/2017 16:15:00","MILLWD",61759,13.40,-3.15,-43.26
"03/04/2017 16:15:00","N.Y.C.",61761,12.64,-3.42,-42.77
"03/04/2017 16:15:00","NORTH",61755,-25.32,1.39,0.00
"03/04/2017 16:15:00","NPX",61845,22.31,-2.24,-51.27
"03/04/2017 16:15:00","O H",61846,-18.79,1.71,-6.21
"03/04/2017 16:15:00","PJM",61847,-4.37,-0.85,-23.20
"03/04/2017 16:15:00","WEST",61752,-19.48,1.25,-5.98
"03/04/2017 16:20:00","CAPITL",61757,26.17,-1.90,-54.84
"03/04/2017 16:20:00","CENTRL",61754,-21.60,-0.27,-5.43
"03/04/2017 16:20:00","DUNWOD",61760,10.60,-3.08,-40.44
"03/04/2017 16:20:00","GENESE",61753,-21.73,0.72,-4.32
"03/04/2017 16:20:00","H Q",61844,-25.86,0.91,0.00
"03/04/2017 16:20:00","HUD VL",61758,10.40,-3.05,-40.22
"03/04/2017 16:20:00","LONGIL",61762,9.97,-3.70,-40.44
"03/04/2017 16:20:00","MHK VL",61756,-21.78,-0.96,-5.95
"03/04/2017 16:20:00","MILLWD",61759,11.04,-3.10,-40.91
"03/04/2017 16:20:00","N.Y.C.",61761,10.31,-3.37,-40.45
"03/04/2017 16:20:00","NORTH",61755,-25.43,1.34,0.00
"03/04/2017 16:20:00","NPX",61845,19.50,-2.22,-48.49
"03/04/2017 16:20:00","O H",61846,-19.18,1.71,-5.88
"03/04/2017 16:20:00","PJM",61847,-5.61,-0.78,-21.94
"03/04/2017 16:20:00","WEST",61752,-19.83,1.28,-5.66
"03/04/2017 16:25:00","CAPITL",61757,17.32,1.19,0.00
"03/04/2017 16:25:00","CENTRL",61754,16.30,0.18,0.00
"03/04/2017 16:25:00","DUNWOD",61760,18.01,1.89,0.00
"03/04/2017 16:25:00","GENESE",61753,15.72,-0.40,0.00
"03/04/2017 16:25:00","H Q",61844,15.55,-0.58,0.00
"03/04/2017 16:25:00","HUD VL",61758,18.00,1.87,0.00
"03/04/2017 16:25:00","LONGIL",61762,18.38,2.26,0.00
"03/04/2017 16:25:00","MHK VL",61756,16.71,0.58,0.00
"03/04/2017 16:25:00","MILLWD",61759,18.05,1.92,0.00
"03/04/2017 16:25:00","N.Y.C.",61761,18.21,2.08,0.00
"03/04/2017 16:25:00","NORTH",61755,15.19,-0.94,0.00
"03/04/2017 16:25:00","NPX",61845,17.51,1.39,0.00
"03/04/2017 16:25:00","O H",61846,15.11,-1.02,0.00
"03/04/2017 16:25:00","PJM",61847,16.64,0.52,0.00
"03/04/2017 16:25:00","WEST",61752,15.39,-0.74,0.00
"03/04/2017 16:30:00","CAPITL",61757,17.23,1.16,0.00
"03/04/2017 16:30:00","CENTRL",61754,16.27,0.19,0.00
"03/04/2017 16:30:00","DUNWOD",61760,17.94,1.86,0.00
"03/04/2017 16:30:00","GENESE",61753,15.70,-0.37,0.00
"03/04/2017 16:30:00","H Q",61844,15.51,-0.56,0.00
"03/04/2017 16:30:00","HUD VL",61758,17.94,1.86,0.00
"03/04/2017 16:30:00","LONGIL",61762,18.32,2.25,0.00
"03/04/2017 16:30:00","MHK VL",61756,16.65,0.58,0.00
"03/04/2017 16:30:00","MILLWD",61759,17.97,1.90,0.00
"03/04/2017 16:30:00","N.Y.C.",61761,18.15,2.07,0.00
"03/04/2017 16:30:00","NORTH",61755,15.24,-0.84,0.00
"03/04/2017 16:30:00","NPX",61845,17.41,1.33,0.00
"03/04/2017 16:30:00","O H",61846,15.11,-0.96,0.00
"03/04/2017 16:30:00","PJM",61847,16.59,0.51,0.00
"03/04/2017 16:30:00","WEST",61752,15.38,-0.69,0.00
"03/04/2017 16:35:00","CAPITL",61757,17.37,1.15,-0.07
"03/04/2017 16:35:00","CENTRL",61754,16.34,0.18,-0.01
"03/04/2017 16:35:00","DUNWOD",61760,18.09,1.89,-0.05
"03/04/2017 16:35:00","GENESE",61753,15.74,-0.42,-0.01
"03/04/2017 16:35:00","H Q",61844,15.61,-0.55,0.00
"03/04/2017 16:35:00","HUD VL",61758,18.08,1.87,-0.05
"03/04/2017 16:35:00","LONGIL",61762,18.48,2.28,-0.05
"03/04/2017 16:35:00","MHK VL",61756,16.74,0.58,-0.01
"03/04/2017 16:35:00","MILLWD",61759,18.13,1.92,-0.05
"03/04/2017 16:35:00","N.Y.C.",61761,18.29,2.08,-0.05
"03/04/2017 16:35:00","NORTH",61755,15.33,-0.82,0.00
"03/04/2017 16:35:00","NPX",61845,17.54,1.32,-0.06
"03/04/2017 16:35:00","O H",61846,15.13,-1.03,-0.01
"03/04/2017 16:35:00","PJM",61847,16.70,0.52,-0.03
"03/04/2017 16:35:00","WEST",61752,15.40,-0.76,-0.01
"03/04/2017 16:40:00","CAPITL",61757,20.39,1.37,-0.07
"03/04/2017 16:40:00","CENTRL",61754,19.15,0.19,-0.01
"03/04/2017 16:40:00","DUNWOD",61760,21.23,2.22,-0.05
"03/04/2017 16:40:00","GENESE",61753,18.45,-0.51,-0.01
"03/04/2017 16:40:00","H Q",61844,18.31,-0.64,0.00
"03/04/2017 16:40:00","HUD VL",61758,21.21,2.20,-0.05
"03/04/2017 16:40:00","LONGIL",61762,21.68,2.67,-0.05
"03/04/2017 16:40:00","MHK VL",61756,19.65,0.68,-0.01
"03/04/2017 16:40:00","MILLWD",61759,21.25,2.24,-0.05
"03/04/2017 16:40:00","N.Y.C.",61761,21.46,2.45,-0.05
"03/04/2017 16:40:00","NORTH",61755,18.01,-0.95,0.00
"03/04/2017 16:40:00","NPX",61845,20.59,1.57,-0.06
"03/04/2017 16:40:00","O H",61846,17.71,-1.25,-0.01
"03/04/2017 16:40:00","PJM",61847,19.57,0.59,-0.03
"03/04/2017 16:40:00","WEST",61752,18.04,-0.93,-0.01
"03/04/2017 16:45:00","CAPITL",61757,27.11,1.06,-11.04
"03/04/2017 16:45:00","CENTRL",61754,16.24,0.15,-1.09
"03/04/2017 16:45:00","DUNWOD",61760,24.85,1.71,-8.14
"03/04/2017 16:45:00","GENESE",61753,15.48,-0.39,-0.87
"03/04/2017 16:45:00","H Q",61844,14.49,-0.51,0.00
"03/04/2017 16:45:00","HUD VL",61758,24.80,1.71,-8.10
"03/04/2017 16:45:00","LONGIL",61762,25.22,2.08,-8.14
"03/04/2017 16:45:00","MHK VL",61756,16.73,0.54,-1.20
"03/04/2017 16:45:00","MILLWD",61759,24.97,1.74,-8.24
"03/04/2017 16:45:00","N.Y.C.",61761,25.03,1.89,-8.14
"03/04/2017 16:45:00","NORTH",61755,14.25,-0.75,0.00
"03/04/2017 16:45:00","NPX",61845,25.99,1.23,-9.76
"03/04/2017 16:45:00","O H",61846,15.21,-0.97,-1.18
"03/04/2017 16:45:00","PJM",61847,19.85,0.44,-4.42
"03/04/2017 16:45:00","WEST",61752,15.43,-0.70,-1.14
"03/04/2017 16:50:00","CAPITL",61757,46.92,-1.87,-75.10
"03/04/2017 16:50:00","CENTRL",61754,-19.11,-0.24,-7.44
"03/04/2017 16:50:00","DUNWOD",61760,26.15,-2.92,-55.38
"03/04/2017 16:50:00","GENESE",61753,-19.69,0.71,-5.91
"03/04/2017 16:50:00","H Q",61844,-25.47,0.84,0.00
"03/04/2017 16:50:00","HUD VL",61758,25.84,-2.92,-55.08
"03/04/2017 16:50:00","LONGIL",61762,25.46,-3.61,-55.38
"03/04/2017 16:50:00","MHK VL",61756,-19.11,-0.95,-8.15
"03/04/2017 16:50:00","MILLWD",61759,26.71,-3.00,-56.03
"03/04/2017 16:50:00","N.Y.C.",61761,25.87,-3.21,-55.39
"03/04/2017 16:50:00","NORTH",61755,-25.18,1.13,0.00
"03/04/2017 16:50:00","NPX",61845,38.41,-2.16,-66.89
"03/04/2017 16:50:00","O H",61846,-16.48,1.79,-8.05
"03/04/2017 16:50:00","PJM",61847,3.04,-0.68,-30.04
"03/04/2017 16:50:00","WEST",61752,-17.26,1.32,-7.74
"03/04/2017 16:55:00","CAPITL",61757,45.81,-1.89,-74.39
"03/04/2017 16:55:00","CENTRL",61754,-19.58,-0.27,-7.37
"03/04/2017 16:55:00","DUNWOD",61760,25.14,-3.04,-54.86
"03/04/2017 16:55:00","GENESE",61753,-20.11,0.72,-5.85
"03/04/2017 16:55:00","H Q",61844,-25.77,0.91,0.00
"03/04/2017 16:55:00","HUD VL",61758,24.86,-3.01,-54.55
"03/04/2017 16:55:00","LONGIL",61762,24.46,-3.71,-54.85
"03/04/2017 16:55:00","MHK VL",61756,-19.60,-0.99,-8.07
"03/04/2017 16:55:00","MILLWD",61759,25.72,-3.09,-55.49
"03/04/2017 16:55:00","N.Y.C.",61761,24.85,-3.33,-54.86
"03/04/2017 16:55:00","NORTH",61755,-25.35,1.33,0.00
"03/04/2017 16:55:00","NPX",61845,37.36,-2.21,-66.25
"03/04/2017 16:55:00","O H",61846,-16.92,1.79,-7.97
"03/04/2017 16:55:00","PJM",61847,2.33,-0.75,-29.76
"03/04/2017 16:55:00","WEST",61752,-17.70,1.31,-7.67
"03/04/2017 17:00:00","CAPITL",61757,29.44,-1.94,-58.01
"03/04/2017 17:00:00","CENTRL",61754,-21.12,-0.24,-5.75
"03/04/2017 17:00:00","DUNWOD",61760,13.06,-3.09,-42.78
"03/04/2017 17:00:00","GENESE",61753,-21.26,0.80,-4.57
"03/04/2017 17:00:00","H Q",61844,-25.72,0.91,0.00
"03/04/2017 17:00:00","HUD VL",61758,12.85,-3.06,-42.54
"03/04/2017 17:00:00","LONGIL",61762,12.39,-3.75,-42.77
"03/04/2017 17:00:00","MHK VL",61756,-21.32,-0.99,-6.29
"03/04/2017 17:00:00","MILLWD",61759,13.51,-3.14,-43.27
"03/04/2017 17:00:00","N.Y.C.",61761,12.75,-3.41,-42.78
"03/04/2017 17:00:00","NORTH",61755,-25.32,1.30,0.00
"03/04/2017 17:00:00","NPX",61845,22.91,-2.24,-51.77
"03/04/2017 17:00:00","O H",61846,-18.52,1.89,-6.22
"03/04/2017 17:00:00","PJM",61847,-4.17,-0.74,-23.20
"03/04/2017 17:00:00","WEST",61752,-19.21,1.44,-5.98
"03/04/2017 17:05:00","CAPITL",61757,28.43,0.34,-23.39
"03/04/2017 17:05:00","CENTRL",61754,7.07,0.05,-2.32
"03/04/2017 17:05:00","DUNWOD",61760,22.50,0.55,-17.25
"03/04/2017 17:05:00","GENESE",61753,6.40,-0.14,-1.84
"03/04/2017 17:05:00","H Q",61844,4.54,-0.16,0.00
"03/04/2017 17:05:00","HUD VL",61758,22.40,0.55,-17.15
"03/04/2017 17:05:00","LONGIL",61762,22.63,0.69,-17.24
"03/04/2017 17:05:00","MHK VL",61756,7.42,0.18,-2.54
"03/04/2017 17:05:00","MILLWD",61759,22.71,0.56,-17.45
"03/04/2017 17:05:00","N.Y.C.",61761,22.55,0.60,-17.25
"03/04/2017 17:05:00","NORTH",61755,4.47,-0.24,0.00
"03/04/2017 17:05:00","NPX",61845,25.78,0.40,-20.68
"03/04/2017 17:05:00","O H",61846,6.88,-0.33,-2.51
"03/04/2017 17:05:00","PJM",61847,14.20,0.14,-9.36
"03/04/2017 17:05:00","WEST",61752,6.87,-0.25,-2.41
"03/04/2017 17:10:00","CAPITL",61757,28.45,0.34,-23.40
"03/04/2017 17:10:00","CENTRL",61754,7.07,0.05,-2.32
"03/04/2017 17:10:00","DUNWOD",61760,22.51,0.55,-17.26
"03/04/2017 17:10:00","GENESE",61753,6.41,-0.13,-1.84
"03/04/2017 17:10:00","H Q",61844,4.54,-0.16,0.00
"03/04/2017 17:10:00","HUD VL",61758,22.41,0.55,-17.16
"03/04/2017 17:10:00","LONGIL",61762,22.64,0.68,-17.25
"03/04/2017 17:10:00","MHK VL",61756,7.42,0.18,-2.54
"03/04/2017 17:10:00","MILLWD",61759,22.72,0.55,-17.46
"03/04/2017 17:10:00","N.Y.C.",61761,22.57,0.60,-17.26
"03/04/2017 17:10:00","NORTH",61755,4.47,-0.24,0.00
"03/04/2017 17:10:00","NPX",61845,25.78,0.39,-20.69
"03/04/2017 17:10:00","O H",61846,6.89,-0.32,-2.51
"03/04/2017 17:10:00","PJM",61847,14.21,0.15,-9.36
"03/04/2017 17:10:00","WEST",61752,6.88,-0.24,-2.41
"03/04/2017 17:15:00","CAPITL",61757,49.02,-1.94,-78.30
"03/04/2017 17:15:00","CENTRL",61754,-19.88,-0.30,-7.76
"03/04/2017 17:15:00","DUNWOD",61760,27.25,-3.17,-57.76
"03/04/2017 17:15:00","GENESE",61753,-20.46,0.71,-6.17
"03/04/2017 17:15:00","H Q",61844,-26.41,0.93,0.00
"03/04/2017 17:15:00","HUD VL",61758,26.95,-3.14,-57.44
"03/04/2017 17:15:00","LONGIL",61762,26.45,-3.96,-57.75
"03/04/2017 17:15:00","MHK VL",61756,-19.92,-1.01,-8.43
"03/04/2017 17:15:00","MILLWD",61759,27.87,-3.22,-58.44
"03/04/2017 17:15:00","N.Y.C.",61761,26.92,-3.50,-57.76
"03/04/2017 17:15:00","NORTH",61755,-26.22,1.12,0.00
"03/04/2017 17:15:00","NPX",61845,39.64,-2.27,-69.25
"03/04/2017 17:15:00","O H",61846,-17.17,1.78,-8.39
"03/04/2017 17:15:00","PJM",61847,3.17,-0.82,-31.33
"03/04/2017 17:15:00","WEST",61752,-17.98,1.28,-8.08
"03/04/2017 17:20:00","CAPITL",61757,48.51,-1.98,-77.91
"03/04/2017 17:20:00","CENTRL",61754,-19.98,-0.27,-7.73
"03/04/2017 17:20:00","DUNWOD",61760,26.89,-3.15,-57.47
"03/04/2017 17:20:00","GENESE",61753,-20.52,0.77,-6.14
"03/04/2017 17:20:00","H Q",61844,-26.49,0.93,0.00
"03/04/2017 17:20:00","HUD VL",61758,26.57,-3.15,-57.15
"03/04/2017 17:20:00","LONGIL",61762,26.09,-3.95,-57.46
"03/04/2017 17:20:00","MHK VL",61756,-20.08,-1.04,-8.39
"03/04/2017 17:20:00","MILLWD",61759,27.48,-3.23,-58.15
"03/04/2017 17:20:00","N.Y.C.",61761,26.59,-3.46,-57.48
"03/04/2017 17:20:00","NORTH",61755,-26.25,1.18,0.00
"03/04/2017 17:20:00","NPX",61845,39.17,-2.30,-68.90
"03/04/2017 17:20:00","O H",61846,-17.18,1.89,-8.35
"03/04/2017 17:20:00","PJM",61847,2.95,-0.80,-31.18
"03/04/2017 17:20:00","WEST",61752,-17.99,1.40,-8.04
"03/04/2017 17:25:00","CAPITL",61757,54.29,-1.96,-82.70
"03/04/2017 17:25:00","CENTRL",61754,-18.55,-0.29,-8.20
"03/04/2017 17:25:00","DUNWOD",61760,31.45,-3.09,-61.00
"03/04/2017 17:25:00","GENESE",61753,-19.26,0.69,-6.51
"03/04/2017 17:25:00","H Q",61844,-25.53,0.93,0.00
"03/04/2017 17:25:00","HUD VL",61758,31.11,-3.09,-60.66
"03/04/2017 17:25:00","LONGIL",61762,30.65,-3.89,-60.99
"03/04/2017 17:25:00","MHK VL",61756,-18.55,-1.01,-8.91
"03/04/2017 17:25:00","MILLWD",61759,32.09,-3.17,-61.72
"03/04/2017 17:25:00","N.Y.C.",61761,31.17,-3.39,-61.01
"03/04/2017 17:25:00","NORTH",61755,-25.19,1.27,0.00
"03/04/2017 17:25:00","NPX",61845,44.43,-2.25,-73.13
"03/04/2017 17:25:00","O H",61846,-15.82,1.77,-8.87
"03/04/2017 17:25:00","PJM",61847,5.81,-0.82,-33.09
"03/04/2017 17:25:00","WEST",61752,-16.63,1.30,-8.53
"03/04/2017 17:30:00","CAPITL",61757,30.27,1.32,-11.12
"03/04/2017 17:30:00","CENTRL",61754,19.14,0.21,-1.10
"03/04/2017 17:30:00","DUNWOD",61760,28.15,2.12,-8.21
"03/04/2017 17:30:00","GENESE",61753,18.22,-0.48,-0.88
"03/04/2017 17:30:00","H Q",61844,17.20,-0.62,0.00
"03/04/2017 17:30:00","HUD VL",61758,28.10,2.12,-8.16
"03/04/2017 17:30:00","LONGIL",61762,28.68,2.66,-8.20
"03/04/2017 17:30:00","MHK VL",61756,19.72,0.69,-1.20
"03/04/2017 17:30:00","MILLWD",61759,28.28,2.16,-8.30
"03/04/2017 17:30:00","N.Y.C.",61761,28.33,2.30,-8.21
"03/04/2017 17:30:00","NORTH",61755,16.93,-0.89,0.00
"03/04/2017 17:30:00","NPX",61845,29.18,1.51,-9.84
"03/04/2017 17:30:00","O H",61846,17.80,-1.21,-1.19
"03/04/2017 17:30:00","PJM",61847,22.86,0.59,-4.45
"03/04/2017 17:30:00","WEST",61752,18.08,-0.89,-1.15
"03/04/2017 17:35:00","CAPITL",61757,30.17,1.30,-10.99
"03/04/2017 17:35:00","CENTRL",61754,19.20,0.23,-1.09
"03/04/2017 17:35:00","DUNWOD",61760,28.13,2.14,-8.11
"03/04/2017 17:35:00","GENESE",61753,18.24,-0.50,-0.87
"03/04/2017 17:35:00","H Q",61844,17.80,-0.64,-0.56
"03/04/2017 17:35:00","HUD VL",61758,28.09,2.14,-8.06
"03/04/2017 17:35:00","LONGIL",61762,28.69,2.70,-8.11
"03/04/2017 17:35:00","MHK VL",61756,19.78,0.72,-1.18
"03/04/2017 17:35:00","MILLWD",61759,28.28,2.20,-8.20
"03/04/2017 17:35:00","N.Y.C.",61761,28.35,2.36,-8.11
"03/04/2017 17:35:00","NORTH",61755,16.97,-0.91,0.00
"03/04/2017 17:35:00","NPX",61845,29.67,1.50,-10.29
"03/04/2017 17:35:00","O H",61846,17.84,-1.22,-1.18
"03/04/2017 17:35:00","PJM",61847,23.48,0.64,-4.96
"03/04/2017 17:35:00","WEST",61752,18.10,-0.91,-1.13
"03/04/2017 17:40:00","CAPITL",61757,34.53,1.22,-16.55
"03/04/2017 17:40:00","CENTRL",61754,18.65,0.25,-1.64
"03/04/2017 17:40:00","DUNWOD",61760,30.97,2.01,-12.21
"03/04/2017 17:40:00","GENESE",61753,17.62,-0.44,-1.30
"03/04/2017 17:40:00","H Q",61844,16.71,-0.60,-0.56
"03/04/2017 17:40:00","HUD VL",61758,30.92,2.03,-12.14
"03/04/2017 17:40:00","LONGIL",61762,31.51,2.55,-12.21
"03/04/2017 17:40:00","MHK VL",61756,19.21,0.67,-1.78
"03/04/2017 17:40:00","MILLWD",61759,31.16,2.06,-12.35
"03/04/2017 17:40:00","N.Y.C.",61761,31.16,2.19,-12.21
"03/04/2017 17:40:00","NORTH",61755,15.88,-0.87,0.00
"03/04/2017 17:40:00","NPX",61845,33.36,1.41,-15.20
"03/04/2017 17:40:00","O H",61846,17.42,-1.11,-1.77
"03/04/2017 17:40:00","PJM",61847,24.58,0.64,-7.19
"03/04/2017 17:40:00","WEST",61752,17.65,-0.80,-1.71
"03/04/2017 17:45:00","CAPITL",61757,54.17,-1.97,-82.79
"03/04/2017 17:45:00","CENTRL",61754,-18.82,-0.37,-8.21
"03/04/2017 17:45:00","DUNWOD",61760,31.27,-3.14,-61.07
"03/04/2017 17:45:00","GENESE",61753,-19.41,0.72,-6.52
"03/04/2017 17:45:00","H Q",61844,-25.15,0.93,-0.56
"03/04/2017 17:45:00","HUD VL",61758,30.91,-3.17,-60.73
"03/04/2017 17:45:00","LONGIL",61762,30.38,-4.02,-61.06
"03/04/2017 17:45:00","MHK VL",61756,-18.80,-1.07,-8.92
"03/04/2017 17:45:00","MILLWD",61759,31.91,-3.22,-61.79
"03/04/2017 17:45:00","N.Y.C.",61761,31.01,-3.41,-61.07
"03/04/2017 17:45:00","NORTH",61755,-25.29,1.36,0.00
"03/04/2017 17:45:00","NPX",61845,44.89,-2.24,-73.78
"03/04/2017 17:45:00","O H",61846,-15.96,1.81,-8.88
"03/04/2017 17:45:00","PJM",61847,6.13,-0.91,-33.69
"03/04/2017 17:45:00","WEST",61752,-16.79,1.33,-8.53
"03/04/2017 17:50:00","CAPITL",61757,56.15,-2.04,-85.76
"03/04/2017 17:50:00","CENTRL",61754,-19.37,-0.30,-8.50
"03/04/2017 17:50:00","DUNWOD",61760,32.50,-3.20,-63.26
"03/04/2017 17:50:00","GENESE",61753,-20.01,0.80,-6.76
"03/04/2017 17:50:00","H Q",61844,-26.63,0.94,0.00
"03/04/2017 17:50:00","HUD VL",61758,32.11,-3.22,-62.91
"03/04/2017 17:50:00","LONGIL",61762,31.55,-4.13,-63.25
"03/04/2017 17:50:00","MHK VL",61756,-19.44,-1.10,-9.24
"03/04/2017 17:50:00","MILLWD",61759,33.15,-3.28,-64.00
"03/04/2017 17:50:00","N.Y.C.",61761,32.28,-3.42,-63.27
"03/04/2017 17:50:00","NORTH",61755,-26.33,1.24,0.00
"03/04/2017 17:50:00","NPX",61845,45.96,-2.32,-75.85
"03/04/2017 17:50:00","O H",61846,-16.36,2.01,-9.19
"03/04/2017 17:50:00","PJM",61847,5.94,-0.80,-34.31
"03/04/2017 17:50:00","WEST",61752,-17.24,1.49,-8.84
"03/04/2017 17:55:00","CAPITL",61757,75.27,-2.06,-104.72
"03/04/2017 17:55:00","CENTRL",61754,-17.26,-0.25,-10.38
"03/04/2017 17:55:00","DUNWOD",61760,46.67,-3.18,-77.25
"03/04/2017 17:55:00","GENESE",61753,-18.30,0.85,-8.25
"03/04/2017 17:55:00","H Q",61844,-26.49,0.90,0.00
"03/04/2017 17:55:00","HUD VL",61758,46.21,-3.20,-76.81
"03/04/2017 17:55:00","LONGIL",61762,45.73,-4.11,-77.24
"03/04/2017 17:55:00","MHK VL",61756,-17.22,-1.10,-11.28
"03/04/2017 17:55:00","MILLWD",61759,47.50,-3.26,-78.15
"03/04/2017 17:55:00","N.Y.C.",61761,46.46,-3.40,-77.25
"03/04/2017 17:55:00","NORTH",61755,-26.27,1.12,0.00
"03/04/2017 17:55:00","NPX",61845,62.89,-2.33,-92.61
"03/04/2017 17:55:00","O H",61846,-14.09,2.08,-11.23
"03/04/2017 17:55:00","PJM",61847,13.76,-0.74,-41.90
"03/04/2017 17:55:00","WEST",61752,-15.01,1.59,-10.79
"03/04/2017 18:00:00","CAPITL",61757,56.07,-2.05,-85.40
"03/04/2017 18:00:00","CENTRL",61754,-19.06,-0.24,-8.47
"03/04/2017 18:00:00","DUNWOD",61760,32.52,-3.19,-62.99
"03/04/2017 18:00:00","GENESE",61753,-19.65,0.90,-6.73
"03/04/2017 18:00:00","H Q",61844,-26.38,0.90,0.00
"03/04/2017 18:00:00","HUD VL",61758,32.14,-3.22,-62.64
"03/04/2017 18:00:00","LONGIL",61762,31.69,-4.01,-62.99
"03/04/2017 18:00:00","MHK VL",61756,-19.20,-1.12,-9.20
"03/04/2017 18:00:00","MILLWD",61759,33.18,-3.27,-63.73
"03/04/2017 18:00:00","N.Y.C.",61761,32.28,-3.44,-63.00
"03/04/2017 18:00:00","NORTH",61755,-26.22,1.06,0.00
"03/04/2017 18:00:00","NPX",61845,45.92,-2.32,-75.52
"03/04/2017 18:00:00","O H",61846,-15.97,2.16,-9.16
"03/04/2017 18:00:00","PJM",61847,6.15,-0.74,-34.17
"03/04/2017 18:00:00","WEST",61752,-16.81,1.67,-8.80
"03/04/2017 18:05:00","CAPITL",61757,29.20,1.39,-9.98
"03/04/2017 18:05:00","CENTRL",61754,19.07,0.25,-0.99
"03/04/2017 18:05:00","DUNWOD",61760,27.30,2.10,-7.36
"03/04/2017 18:05:00","GENESE",61753,18.15,-0.46,-0.79
"03/04/2017 18:05:00","H Q",61844,17.20,-0.62,0.00
"03/04/2017 18:05:00","HUD VL",61758,27.29,2.14,-7.32
"03/04/2017 18:05:00","LONGIL",61762,27.78,2.58,-7.36
"03/04/2017 18:05:00","MHK VL",61756,19.65,0.75,-1.08
"03/04/2017 18:05:00","MILLWD",61759,27.45,2.17,-7.45
"03/04/2017 18:05:00","N.Y.C.",61761,27.50,2.30,-7.37
"03/04/2017 18:05:00","NORTH",61755,16.97,-0.86,0.00
"03/04/2017 18:05:00","NPX",61845,28.21,1.55,-8.83
"03/04/2017 18:05:00","O H",61846,17.69,-1.21,-1.07
"03/04/2017 18:05:00","PJM",61847,22.45,0.62,-3.99
"03/04/2017 18:05:00","WEST",61752,17.97,-0.89,-1.03
"03/04/2017 18:10:00","CAPITL",61757,54.21,-1.98,-82.53
"03/04/2017 18:10:00","CENTRL",61754,-18.45,-0.29,-8.18
"03/04/2017 18:10:00","DUNWOD",61760,31.45,-3.08,-60.87
"03/04/2017 18:10:00","GENESE",61753,-19.13,0.71,-6.50
"03/04/2017 18:10:00","H Q",61844,-25.45,0.90,0.00
"03/04/2017 18:10:00","HUD VL",61758,31.06,-3.13,-60.53
"03/04/2017 18:10:00","LONGIL",61762,30.71,-3.82,-60.87
"03/04/2017 18:10:00","MHK VL",61756,-18.54,-1.08,-8.89
"03/04/2017 18:10:00","MILLWD",61759,32.06,-3.19,-61.59
"03/04/2017 18:10:00","N.Y.C.",61761,31.17,-3.37,-60.88
"03/04/2017 18:10:00","NORTH",61755,-25.24,1.11,0.00
"03/04/2017 18:10:00","NPX",61845,44.43,-2.21,-72.98
"03/04/2017 18:10:00","O H",61846,-15.57,1.92,-8.85
"03/04/2017 18:10:00","PJM",61847,5.91,-0.76,-33.02
"03/04/2017 18:10:00","WEST",61752,-16.39,1.45,-8.51
"03/04/2017 18:15:00","CAPITL",61757,54.13,-1.92,-82.33
"03/04/2017 18:15:00","CENTRL",61754,-18.47,-0.37,-8.18
"03/04/2017 18:15:00","DUNWOD",61760,31.37,-3.10,-60.76
"03/04/2017 18:15:00","GENESE",61753,-19.14,0.66,-6.49
"03/04/2017 18:15:00","H Q",61844,-25.39,0.89,0.00
"03/04/2017 18:15:00","HUD VL",61758,31.02,-3.13,-60.43
"03/04/2017 18:15:00","LONGIL",61762,30.60,-3.87,-60.75
"03/04/2017 18:15:00","MHK VL",61756,-18.50,-1.08,-8.87
"03/04/2017 18:15:00","MILLWD",61759,31.99,-3.21,-61.48
"03/04/2017 18:15:00","N.Y.C.",61761,31.11,-3.37,-60.76
"03/04/2017 18:15:00","NORTH",61755,-25.16,1.13,0.00
"03/04/2017 18:15:00","NPX",61845,44.40,-2.16,-72.84
"03/04/2017 18:15:00","O H",61846,-15.62,1.84,-8.83
"03/04/2017 18:15:00","PJM",61847,5.83,-0.84,-32.96
"03/04/2017 18:15:00","WEST",61752,-16.45,1.34,-8.49
"03/04/2017 18:20:00","CAPITL",61757,45.77,-0.59,-54.25
"03/04/2017 18:20:00","CENTRL",61754,-2.61,-0.11,-5.39
"03/04/2017 18:20:00","DUNWOD",61760,31.21,-0.94,-40.03
"03/04/2017 18:20:00","GENESE",61753,-3.42,0.19,-4.28
"03/04/2017 18:20:00","H Q",61844,-7.61,0.28,0.00
"03/04/2017 18:20:00","HUD VL",61758,30.98,-0.95,-39.82
"03/04/2017 18:20:00","LONGIL",61762,30.96,-1.18,-40.03
"03/04/2017 18:20:00","MHK VL",61756,-2.38,-0.33,-5.84
"03/04/2017 18:20:00","MILLWD",61759,31.65,-0.97,-40.51
"03/04/2017 18:20:00","N.Y.C.",61761,31.12,-1.02,-40.03
"03/04/2017 18:20:00","NORTH",61755,-7.52,0.37,0.00
"03/04/2017 18:20:00","NPX",61845,39.44,-0.66,-47.99
"03/04/2017 18:20:00","O H",61846,-1.52,0.54,-5.82
"03/04/2017 18:20:00","PJM",61847,13.57,-0.26,-21.71
"03/04/2017 18:20:00","WEST",61752,-1.90,0.39,-5.60
"03/04/2017 18:25:00","CAPITL",61757,32.17,1.67,-8.20
"03/04/2017 18:25:00","CENTRL",61754,23.45,0.33,-0.82
"03/04/2017 18:25:00","DUNWOD",61760,31.00,2.65,-6.05
"03/04/2017 18:25:00","GENESE",61753,22.43,-0.51,-0.65
"03/04/2017 18:25:00","H Q",61844,21.52,-0.78,0.00
"03/04/2017 18:25:00","HUD VL",61758,31.02,2.70,-6.02
"03/04/2017 18:25:00","LONGIL",61762,31.67,3.32,-6.05
"03/04/2017 18:25:00","MHK VL",61756,24.14,0.96,-0.88
"03/04/2017 18:25:00","MILLWD",61759,31.17,2.74,-6.12
"03/04/2017 18:25:00","N.Y.C.",61761,31.21,2.86,-6.05
"03/04/2017 18:25:00","NORTH",61755,21.27,-1.03,0.00
"03/04/2017 18:25:00","NPX",61845,31.43,1.87,-7.26
"03/04/2017 18:25:00","O H",61846,21.69,-1.49,-0.88
"03/04/2017 18:25:00","PJM",61847,26.36,0.78,-3.28
"03/04/2017 18:25:00","WEST",61752,22.08,-1.07,-0.85
"03/04/2017 18:30:00","CAPITL",61757,32.34,1.63,-8.61
"03/04/2017 18:30:00","CENTRL",61754,23.30,0.35,-0.86
"03/04/2017 18:30:00","DUNWOD",61760,31.05,2.61,-6.35
"03/04/2017 18:30:00","GENESE",61753,22.26,-0.51,-0.68
"03/04/2017 18:30:00","H Q",61844,21.32,-0.77,0.00
"03/04/2017 18:30:00","HUD VL",61758,31.06,2.65,-6.32
"03/04/2017 18:30:00","LONGIL",61762,31.74,3.29,-6.35
"03/04/2017 18:30:00","MHK VL",61756,23.99,0.97,-0.93
"03/04/2017 18:30:00","MILLWD",61759,31.24,2.72,-6.43
"03/04/2017 18:30:00","N.Y.C.",61761,31.25,2.81,-6.35
"03/04/2017 18:30:00","NORTH",61755,21.08,-1.02,0.00
"03/04/2017 18:30:00","NPX",61845,31.54,1.83,-7.62
"03/04/2017 18:30:00","O H",61846,21.54,-1.48,-0.92
"03/04/2017 18:30:00","PJM",61847,26.31,0.77,-3.45
"03/04/2017 18:30:00","WEST",61752,21.92,-1.06,-0.89
"03/04/2017 18:35:00","CAPITL",61757,30.93,1.86,-4.22
"03/04/2017 18:35:00","CENTRL",61754,25.61,0.35,-0.42
"03/04/2017 18:35:00","DUNWOD",61760,30.89,2.93,-3.12
"03/04/2017 18:35:00","GENESE",61753,24.53,-0.65,-0.33
"03/04/2017 18:35:00","H Q",61844,24.02,-0.82,0.00
"03/04/2017 18:35:00","HUD VL",61758,30.92,2.98,-3.10
"03/04/2017 18:35:00","LONGIL",61762,31.66,3.70,-3.12
"03/04/2017 18:35:00","MHK VL",61756,26.39,1.09,-0.45
"03/04/2017 18:35:00","MILLWD",61759,31.05,3.05,-3.15
"03/04/2017 18:35:00","N.Y.C.",61761,31.14,3.18,-3.12
"03/04/2017 18:35:00","NORTH",61755,23.72,-1.12,0.00
"03/04/2017 18:35:00","NPX",61845,30.67,2.09,-3.74
"03/04/2017 18:35:00","O H",61846,23.53,-1.76,-0.45
"03/04/2017 18:35:00","PJM",61847,27.38,0.85,-1.69
"03/04/2017 18:35:00","WEST",61752,23.99,-1.29,-0.44
"03/04/2017 18:40:00","CAPITL",61757,31.38,1.77,-5.74
"03/04/2017 18:40:00","CENTRL",61754,24.75,0.31,-0.57
"03/04/2017 18:40:00","DUNWOD",61760,30.92,2.82,-4.23
"03/04/2017 18:40:00","GENESE",61753,23.73,-0.60,-0.45
"03/04/2017 18:40:00","H Q",61844,23.09,-0.79,0.00
"03/04/2017 18:40:00","HUD VL",61758,30.95,2.86,-4.21
"03/04/2017 18:40:00","LONGIL",61762,31.66,3.56,-4.23
"03/04/2017 18:40:00","MHK VL",61756,25.54,1.05,-0.62
"03/04/2017 18:40:00","MILLWD",61759,31.07,2.91,-4.28
"03/04/2017 18:40:00","N.Y.C.",61761,31.16,3.06,-4.23
"03/04/2017 18:40:00","NORTH",61755,22.82,-1.05,0.00
"03/04/2017 18:40:00","NPX",61845,30.95,2.01,-5.07
"03/04/2017 18:40:00","O H",61846,22.82,-1.67,-0.62
"03/04/2017 18:40:00","PJM",61847,26.93,0.76,-2.30
"03/04/2017 18:40:00","WEST",61752,23.25,-1.22,-0.59
"03/04/2017 18:45:00","CAPITL",61757,31.63,1.77,-6.27
"03/04/2017 18:45:00","CENTRL",61754,24.47,0.26,-0.62
"03/04/2017 18:45:00","DUNWOD",61760,31.00,2.78,-4.63
"03/04/2017 18:45:00","GENESE",61753,23.49,-0.59,-0.49
"03/04/2017 18:45:00","H Q",61844,22.81,-0.78,0.00
"03/04/2017 18:45:00","HUD VL",61758,31.02,2.83,-4.61
"03/04/2017 18:45:00","LONGIL",61762,31.70,3.49,-4.63
"03/04/2017 18:45:00","MHK VL",61756,25.27,1.01,-0.68
"03/04/2017 18:45:00","MILLWD",61759,31.17,2.90,-4.68
"03/04/2017 18:45:00","N.Y.C.",61761,31.24,3.02,-4.63
"03/04/2017 18:45:00","NORTH",61755,22.52,-1.06,0.00
"03/04/2017 18:45:00","NPX",61845,31.12,1.98,-5.55
"03/04/2017 18:45:00","O H",61846,22.58,-1.67,-0.67
"03/04/2017 18:45:00","PJM",61847,26.80,0.71,-2.51
"03/04/2017 18:45:00","WEST",61752,23.01,-1.23,-0.65
"03/04/2017 18:50:00","CAPITL",61757,30.18,1.99,-1.60
"03/04/2017 18:50:00","CENTRL",61754,27.08,0.34,-0.16
"03/04/2017 18:50:00","DUNWOD",61760,30.93,3.16,-1.18
"03/04/2017 18:50:00","GENESE",61753,26.12,-0.58,-0.13
"03/04/2017 18:50:00","H Q",61844,25.70,-0.88,0.00
"03/04/2017 18:50:00","HUD VL",61758,30.95,3.19,-1.18
"03/04/2017 18:50:00","LONGIL",61762,31.72,3.96,-1.18
"03/04/2017 18:50:00","MHK VL",61756,27.90,1.14,-0.17
"03/04/2017 18:50:00","MILLWD",61759,31.05,3.27,-1.20
"03/04/2017 18:50:00","N.Y.C.",61761,31.17,3.40,-1.18
"03/04/2017 18:50:00","NORTH",61755,25.39,-1.20,0.00
"03/04/2017 18:50:00","NPX",61845,30.23,2.23,-1.42
"03/04/2017 18:50:00","O H",61846,25.03,-1.73,-0.17
"03/04/2017 18:50:00","PJM",61847,28.13,0.90,-0.64
"03/04/2017 18:50:00","WEST",61752,25.52,-1.22,-0.17
"03/04/2017 18:55:00","CAPITL",61757,30.27,1.98,-1.94
"03/04/2017 18:55:00","CENTRL",61754,26.89,0.34,-0.19
"03/04/2017 18:55:00","DUNWOD",61760,30.89,3.11,-1.43
"03/04/2017 18:55:00","GENESE",61753,25.93,-0.58,-0.15
"03/04/2017 18:55:00","H Q",61844,25.48,-0.87,0.00
"03/04/2017 18:55:00","HUD VL",61758,30.91,3.13,-1.43
"03/04/2017 18:55:00","LONGIL",61762,31.66,3.88,-1.43
"03/04/2017 18:55:00","MHK VL",61756,27.69,1.13,-0.21
"03/04/2017 18:55:00","MILLWD",61759,31.02,3.21,-1.45
"03/04/2017 18:55:00","N.Y.C.",61761,31.16,3.37,-1.44
"03/04/2017 18:55:00","NORTH",61755,25.14,-1.21,0.00
"03/04/2017 18:55:00","NPX",61845,30.28,2.21,-1.72
"03/04/2017 18:55:00","O H",61846,24.85,-1.71,-0.21
"03/04/2017 18:55:00","PJM",61847,27.97,0.84,-0.78
"03/04/2017 18:55:00","WEST",61752,25.34,-1.21,-0.20
"03/04/2017 19:00:00","CAPITL",61757,30.23,1.98,-1.85
"03/04/2017 19:00:00","CENTRL",61754,26.98,0.40,-0.18
"03/04/2017 19:00:00","DUNWOD",61760,30.87,3.11,-1.36
"03/04/2017 19:00:00","GENESE",61753,26.04,-0.50,-0.15
"03/04/2017 19:00:00","H Q",61844,25.50,-0.90,0.00
"03/04/2017 19:00:00","HUD VL",61758,30.92,3.17,-1.36
"03/04/2017 19:00:00","LONGIL",61762,31.67,3.91,-1.36
"03/04/2017 19:00:00","MHK VL",61756,27.73,1.13,-0.20
"03/04/2017 19:00:00","MILLWD",61759,31.02,3.25,-1.38
"03/04/2017 19:00:00","N.Y.C.",61761,31.14,3.38,-1.36
"03/04/2017 19:00:00","NORTH",61755,25.13,-1.27,0.00
"03/04/2017 19:00:00","NPX",61845,30.25,2.22,-1.63
"03/04/2017 19:00:00","O H",61846,24.98,-1.61,-0.20
"03/04/2017 19:00:00","PJM",61847,28.06,0.92,-0.74
"03/04/2017 19:00:00","WEST",61752,25.50,-1.08,-0.19
"03/04/2017 19:05:00","CAPITL",61757,30.17,2.00,-1.58
"03/04/2017 19:05:00","CENTRL",61754,27.18,0.42,-0.16
"03/04/2017 19:05:00","DUNWOD",61760,30.93,3.16,-1.16
"03/04/2017 19:05:00","GENESE",61753,26.25,-0.48,-0.12
"03/04/2017 19:05:00","H Q",61844,25.67,-0.93,0.00
"03/04/2017 19:05:00","HUD VL",61758,30.95,3.19,-1.16
"03/04/2017 19:05:00","LONGIL",61762,31.75,3.99,-1.16
"03/04/2017 19:05:00","MHK VL",61756,27.91,1.14,-0.17
"03/04/2017 19:05:00","MILLWD",61759,31.05,3.27,-1.18
"03/04/2017 19:05:00","N.Y.C.",61761,31.19,3.43,-1.16
"03/04/2017 19:05:00","NORTH",61755,25.30,-1.30,0.00
"03/04/2017 19:05:00","NPX",61845,30.23,2.23,-1.39
"03/04/2017 19:05:00","O H",61846,25.17,-1.60,-0.17
"03/04/2017 19:05:00","PJM",61847,28.19,0.96,-0.63
"03/04/2017 19:05:00","WEST",61752,25.70,-1.06,-0.16
"03/04/2017 19:10:00","CAPITL",61757,30.00,2.00,-1.35
"03/04/2017 19:10:00","CENTRL",61754,27.24,0.45,-0.13
"03/04/2017 19:10:00","DUNWOD",61760,30.85,3.20,-1.00
"03/04/2017 19:10:00","GENESE",61753,26.28,-0.48,-0.11
"03/04/2017 19:10:00","H Q",61844,25.72,-0.93,0.00
"03/04/2017 19:10:00","HUD VL",61758,30.87,3.22,-0.99
"03/04/2017 19:10:00","LONGIL",61762,31.67,4.02,-1.00
"03/04/2017 19:10:00","MHK VL",61756,27.97,1.17,-0.15
"03/04/2017 19:10:00","MILLWD",61759,30.97,3.30,-1.01
"03/04/2017 19:10:00","N.Y.C.",61761,31.11,3.46,-1.00
"03/04/2017 19:10:00","NORTH",61755,25.32,-1.33,0.00
"03/04/2017 19:10:00","NPX",61845,30.09,2.24,-1.20
"03/04/2017 19:10:00","O H",61846,25.20,-1.60,-0.14
"03/04/2017 19:10:00","PJM",61847,28.21,1.01,-0.54
"03/04/2017 19:10:00","WEST",61752,25.72,-1.07,-0.14
"03/04/2017 19:15:00","CAPITL",61757,30.31,2.00,-1.70
"03/04/2017 19:15:00","CENTRL",61754,27.18,0.40,-0.17
"03/04/2017 19:15:00","DUNWOD",61760,31.03,3.17,-1.25
"03/04/2017 19:15:00","GENESE",61753,26.24,-0.51,-0.13
"03/04/2017 19:15:00","H Q",61844,25.71,-0.91,0.00
"03/04/2017 19:15:00","HUD VL",61758,31.05,3.19,-1.24
"03/04/2017 19:15:00","LONGIL",61762,31.83,3.97,-1.25
"03/04/2017 19:15:00","MHK VL",61756,27.91,1.12,-0.18
"03/04/2017 19:15:00","MILLWD",61759,31.16,3.27,-1.27
"03/04/2017 19:15:00","N.Y.C.",61761,31.27,3.41,-1.25
"03/04/2017 19:15:00","NORTH",61755,25.34,-1.28,0.00
"03/04/2017 19:15:00","NPX",61845,30.38,2.26,-1.50
"03/04/2017 19:15:00","O H",61846,25.17,-1.62,-0.18
"03/04/2017 19:15:00","PJM",61847,28.23,0.93,-0.68
"03/04/2017 19:15:00","WEST",61752,25.70,-1.09,-0.18
"03/04/2017 19:20:00","CAPITL",61757,30.07,2.04,-0.85
"03/04/2017 19:20:00","CENTRL",61754,27.78,0.52,-0.08
"03/04/2017 19:20:00","DUNWOD",61760,31.04,3.23,-0.63
"03/04/2017 19:20:00","GENESE",61753,26.81,-0.44,-0.07
"03/04/2017 19:20:00","H Q",61844,26.20,-0.98,0.00
"03/04/2017 19:20:00","HUD VL",61758,31.06,3.26,-0.62
"03/04/2017 19:20:00","LONGIL",61762,31.86,4.05,-0.63
"03/04/2017 19:20:00","MHK VL",61756,28.44,1.17,-0.09
"03/04/2017 19:20:00","MILLWD",61759,31.18,3.37,-0.63
"03/04/2017 19:20:00","N.Y.C.",61761,31.28,3.48,-0.62
"03/04/2017 19:20:00","NORTH",61755,25.85,-1.33,0.00
"03/04/2017 19:20:00","NPX",61845,30.24,2.31,-0.75
"03/04/2017 19:20:00","O H",61846,25.80,-1.47,-0.09
"03/04/2017 19:20:00","PJM",61847,28.66,1.14,-0.34
"03/04/2017 19:20:00","WEST",61752,26.37,-0.90,-0.09
"03/04/2017 19:25:00","CAPITL",61757,30.21,2.01,-1.37
"03/04/2017 19:25:00","CENTRL",61754,27.42,0.46,-0.14
"03/04/2017 19:25:00","DUNWOD",61760,31.01,3.16,-1.01
"03/04/2017 19:25:00","GENESE",61753,26.43,-0.51,-0.11
"03/04/2017 19:25:00","H Q",61844,25.92,-0.91,0.00
"03/04/2017 19:25:00","HUD VL",61758,31.03,3.19,-1.01
"03/04/2017 19:25:00","LONGIL",61762,31.81,3.97,-1.01
"03/04/2017 19:25:00","MHK VL",61756,28.13,1.15,-0.14
"03/04/2017 19:25:00","MILLWD",61759,31.13,3.27,-1.02
"03/04/2017 19:25:00","N.Y.C.",61761,31.25,3.41,-1.01
"03/04/2017 19:25:00","NORTH",61755,25.60,-1.23,0.00
"03/04/2017 19:25:00","NPX",61845,30.32,2.28,-1.21
"03/04/2017 19:25:00","O H",61846,25.39,-1.58,-0.15
"03/04/2017 19:25:00","PJM",61847,28.40,1.02,-0.55
"03/04/2017 19:25:00","WEST",61752,25.92,-1.05,-0.14
"03/04/2017 19:30:00","CAPITL",61757,135.75,7.32,-30.86
"03/04/2017 19:30:00","CENTRL",61754,102.19,1.56,-3.07
"03/04/2017 19:30:00","DUNWOD",61760,131.66,11.31,-22.79
"03/04/2017 19:30:00","GENESE",61753,98.24,-1.75,-2.44
"03/04/2017 19:30:00","H Q",61844,94.24,-3.32,0.00
"03/04/2017 19:30:00","HUD VL",61758,131.63,11.41,-22.66
"03/04/2017 19:30:00","LONGIL",61762,134.49,14.14,-22.78
"03/04/2017 19:30:00","MHK VL",61756,105.00,4.19,-3.25
"03/04/2017 19:30:00","MILLWD",61759,132.33,11.70,-23.07
"03/04/2017 19:30:00","N.Y.C.",61761,132.45,12.10,-22.79
"03/04/2017 19:30:00","NORTH",61755,92.98,-4.58,0.00
"03/04/2017 19:30:00","NPX",61845,133.17,8.29,-27.32
"03/04/2017 19:30:00","O H",61846,95.02,-5.85,-3.31
"03/04/2017 19:30:00","PJM",61847,113.33,3.41,-12.36
"03/04/2017 19:30:00","WEST",61752,96.94,-3.81,-3.19
"03/04/2017 19:35:00","CAPITL",61757,39.62,1.99,-11.14
"03/04/2017 19:35:00","CENTRL",61754,28.00,0.40,-1.11
"03/04/2017 19:35:00","DUNWOD",61760,37.76,3.04,-8.23
"03/04/2017 19:35:00","GENESE",61753,26.84,-0.53,-0.88
"03/04/2017 19:35:00","H Q",61844,25.59,-0.90,0.00
"03/04/2017 19:35:00","HUD VL",61758,37.76,3.10,-8.18
"03/04/2017 19:35:00","LONGIL",61762,38.53,3.82,-8.22
"03/04/2017 19:35:00","MHK VL",61756,28.80,1.14,-1.17
"03/04/2017 19:35:00","MILLWD",61759,37.97,3.15,-8.33
"03/04/2017 19:35:00","N.Y.C.",61761,37.97,3.26,-8.23
"03/04/2017 19:35:00","NORTH",61755,25.27,-1.22,0.00
"03/04/2017 19:35:00","NPX",61845,38.58,2.23,-9.86
"03/04/2017 19:35:00","O H",61846,26.04,-1.64,-1.20
"03/04/2017 19:35:00","PJM",61847,31.82,0.87,-4.46
"03/04/2017 19:35:00","WEST",61752,26.53,-1.11,-1.15
"03/04/2017 19:40:00","CAPITL",61757,38.95,1.92,-11.48
"03/04/2017 19:40:00","CENTRL",61754,27.05,0.36,-1.14
"03/04/2017 19:40:00","DUNWOD",61760,36.97,2.94,-8.48
"03/04/2017 19:40:00","GENESE",61753,25.97,-0.49,-0.91
"03/04/2017 19:40:00","H Q",61844,24.69,-0.87,0.00
"03/04/2017 19:40:00","HUD VL",61758,36.97,2.99,-8.43
"03/04/2017 19:40:00","LONGIL",61762,37.71,3.68,-8.47
"03/04/2017 19:40:00","MHK VL",61756,27.83,1.07,-1.21
"03/04/2017 19:40:00","MILLWD",61759,37.20,3.07,-8.58
"03/04/2017 19:40:00","N.Y.C.",61761,37.20,3.17,-8.48
"03/04/2017 19:40:00","NORTH",61755,24.38,-1.18,0.00
"03/04/2017 19:40:00","NPX",61845,37.86,2.15,-10.16
"03/04/2017 19:40:00","O H",61846,25.20,-1.58,-1.23
"03/04/2017 19:40:00","PJM",61847,30.94,0.79,-4.60
"03/04/2017 19:40:00","WEST",61752,25.67,-1.07,-1.19
"03/04/2017 19:45:00","CAPITL",61757,30.33,2.00,-1.69
"03/04/2017 19:45:00","CENTRL",61754,27.19,0.37,-0.17
"03/04/2017 19:45:00","DUNWOD",61760,30.98,3.09,-1.24
"03/04/2017 19:45:00","GENESE",61753,26.22,-0.56,-0.13
"03/04/2017 19:45:00","H Q",61844,25.77,-0.88,0.00
"03/04/2017 19:45:00","HUD VL",61758,31.00,3.12,-1.24
"03/04/2017 19:45:00","LONGIL",61762,31.75,3.86,-1.24
"03/04/2017 19:45:00","MHK VL",61756,27.94,1.12,-0.18
"03/04/2017 19:45:00","MILLWD",61759,31.10,3.20,-1.26
"03/04/2017 19:45:00","N.Y.C.",61761,31.22,3.33,-1.24
"03/04/2017 19:45:00","NORTH",61755,25.45,-1.20,0.00
"03/04/2017 19:45:00","NPX",61845,30.38,2.24,-1.49
"03/04/2017 19:45:00","O H",61846,25.15,-1.68,-0.18
"03/04/2017 19:45:00","PJM",61847,28.17,0.85,-0.68
"03/04/2017 19:45:00","WEST",61752,25.67,-1.14,-0.17
"03/04/2017 19:50:00","CAPITL",61757,30.06,1.97,-1.41
"03/04/2017 19:50:00","CENTRL",61754,27.16,0.35,-0.14
"03/04/2017 19:50:00","DUNWOD",61760,30.84,3.12,-1.04
"03/04/2017 19:50:00","GENESE",61753,26.22,-0.56,-0.11
"03/04/2017 19:50:00","H Q",61844,25.80,-0.88,0.00
"03/04/2017 19:50:00","HUD VL",61758,30.88,3.17,-1.04
"03/04/2017 19:50:00","LONGIL",61762,31.61,3.89,-1.04
"03/04/2017 19:50:00","MHK VL",61756,27.94,1.12,-0.15
"03/04/2017 19:50:00","MILLWD",61759,30.98,3.25,-1.05
"03/04/2017 19:50:00","N.Y.C.",61761,31.14,3.42,-1.05
"03/04/2017 19:50:00","NORTH",61755,25.47,-1.20,0.00
"03/04/2017 19:50:00","NPX",61845,30.16,2.24,-1.25
"03/04/2017 19:50:00","O H",61846,25.12,-1.71,-0.15
"03/04/2017 19:50:00","PJM",61847,28.09,0.85,-0.57
"03/04/2017 19:50:00","WEST",61752,25.67,-1.15,-0.15
"03/04/2017 19:55:00","CAPITL",61757,29.97,1.98,-1.21
"03/04/2017 19:55:00","CENTRL",61754,27.25,0.35,-0.12
"03/04/2017 19:55:00","DUNWOD",61760,30.83,3.16,-0.89
"03/04/2017 19:55:00","GENESE",61753,26.26,-0.61,-0.10
"03/04/2017 19:55:00","H Q",61844,25.90,-0.88,0.00
"03/04/2017 19:55:00","HUD VL",61758,30.86,3.19,-0.89
"03/04/2017 19:55:00","LONGIL",61762,31.59,3.91,-0.89
"03/04/2017 19:55:00","MHK VL",61756,28.04,1.12,-0.13
"03/04/2017 19:55:00","MILLWD",61759,30.95,3.27,-0.90
"03/04/2017 19:55:00","N.Y.C.",61761,31.14,3.46,-0.90
"03/04/2017 19:55:00","NORTH",61755,25.58,-1.20,0.00
"03/04/2017 19:55:00","NPX",61845,30.10,2.25,-1.07
"03/04/2017 19:55:00","O H",61846,25.17,-1.74,-0.13
"03/04/2017 19:55:00","PJM",61847,28.15,0.88,-0.48
"03/04/2017 19:55:00","WEST",61752,25.70,-1.20,-0.12
"03/04/2017 20:00:00","CAPITL",61757,29.92,1.98,-1.18
"03/04/2017 20:00:00","CENTRL",61754,27.22,0.35,-0.12
"03/04/2017 20:00:00","DUNWOD",61760,30.78,3.16,-0.87
"03/04/2017 20:00:00","GENESE",61753,26.26,-0.59,-0.09
"03/04/2017 20:00:00","H Q",61844,25.85,-0.91,0.00
"03/04/2017 20:00:00","HUD VL",61758,30.81,3.18,-0.86
"03/04/2017 20:00:00","LONGIL",61762,31.48,3.85,-0.87
"03/04/2017 20:00:00","MHK VL",61756,28.01,1.12,-0.12
"03/04/2017 20:00:00","MILLWD",61759,30.93,3.29,-0.88
"03/04/2017 20:00:00","N.Y.C.",61761,31.11,3.48,-0.87
"03/04/2017 20:00:00","NORTH",61755,25.55,-1.20,0.00
"03/04/2017 20:00:00","NPX",61845,30.05,2.25,-1.04
"03/04/2017 20:00:00","O H",61846,25.17,-1.71,-0.13
"03/04/2017 20:00:00","PJM",61847,28.11,0.88,-0.47
"03/04/2017 20:00:00","WEST",61752,25.70,-1.18,-0.12
"03/04/2017 20:05:00","CAPITL",61757,28.28,1.90,0.00
"03/04/2017 20:05:00","CENTRL",61754,26.88,0.50,0.00
"03/04/2017 20:05:00","DUNWOD",61760,29.41,3.03,0.00
"03/04/2017 20:05:00","GENESE",61753,26.01,-0.37,0.00
"03/04/2017 20:05:00","H Q",61844,25.45,-0.92,0.00
"03/04/2017 20:05:00","HUD VL",61758,29.46,3.08,0.00
"03/04/2017 20:05:00","LONGIL",61762,30.04,3.66,0.00
"03/04/2017 20:05:00","MHK VL",61756,27.51,1.13,0.00
"03/04/2017 20:05:00","MILLWD",61759,29.51,3.14,0.00
"03/04/2017 20:05:00","N.Y.C.",61761,29.70,3.32,0.00
"03/04/2017 20:05:00","NORTH",61755,25.16,-1.21,0.00
"03/04/2017 20:05:00","NPX",61845,28.51,2.14,0.00
"03/04/2017 20:05:00","O H",61846,25.03,-1.34,0.00
"03/04/2017 20:05:00","PJM",61847,27.40,1.03,0.00
"03/04/2017 20:05:00","WEST",61752,25.59,-0.79,0.00
"03/04/2017 20:10:00","CAPITL",61757,28.30,1.90,0.00
"03/04/2017 20:10:00","CENTRL",61754,26.88,0.48,0.00
"03/04/2017 20:10:00","DUNWOD",61760,29.44,3.03,0.00
"03/04/2017 20:10:00","GENESE",61753,26.01,-0.40,0.00
"03/04/2017 20:10:00","H Q",61844,25.50,-0.90,0.00
"03/04/2017 20:10:00","HUD VL",61758,29.49,3.09,0.00
"03/04/2017 20:10:00","LONGIL",61762,30.07,3.67,0.00
"03/04/2017 20:10:00","MHK VL",61756,27.54,1.13,0.00
"03/04/2017 20:10:00","MILLWD",61759,29.57,3.17,0.00
"03/04/2017 20:10:00","N.Y.C.",61761,29.73,3.33,0.00
"03/04/2017 20:10:00","NORTH",61755,25.19,-1.21,0.00
"03/04/2017 20:10:00","NPX",61845,28.54,2.14,0.00
"03/04/2017 20:10:00","O H",61846,25.00,-1.40,0.00
"03/04/2017 20:10:00","PJM",61847,27.40,1.00,0.00
"03/04/2017 20:10:00","WEST",61752,25.58,-0.82,0.00
"03/04/2017 20:15:00","CAPITL",61757,28.53,1.94,0.00
"03/04/2017 20:15:00","CENTRL",61754,27.07,0.48,0.00
"03/04/2017 20:15:00","DUNWOD",61760,29.67,3.08,0.00
"03/04/2017 20:15:00","GENESE",61753,26.16,-0.43,0.00
"03/04/2017 20:15:00","H Q",61844,25.66,-0.93,0.00
"03/04/2017 20:15:00","HUD VL",61758,29.73,3.14,0.00
"03/04/2017 20:15:00","LONGIL",61762,30.31,3.72,0.00
"03/04/2017 20:15:00","MHK VL",61756,27.73,1.14,0.00
"03/04/2017 20:15:00","MILLWD",61759,29.81,3.22,0.00
"03/04/2017 20:15:00","N.Y.C.",61761,29.97,3.38,0.00
"03/04/2017 20:15:00","NORTH",61755,25.37,-1.22,0.00
"03/04/2017 20:15:00","NPX",61845,28.77,2.18,0.00
"03/04/2017 20:15:00","O H",61846,25.15,-1.44,0.00
"03/04/2017 20:15:00","PJM",61847,27.63,1.04,0.00
"03/04/2017 20:15:00","WEST",61752,25.71,-0.88,0.00
"03/04/2017 20:20:00","CAPITL",61757,28.71,2.00,0.00
"03/04/2017 20:20:00","CENTRL",61754,27.16,0.45,0.00
"03/04/2017 20:20:00","DUNWOD",61760,29.88,3.18,0.00
"03/04/2017 20:20:00","GENESE",61753,26.23,-0.48,0.00
"03/04/2017 20:20:00","H Q",61844,25.77,-0.94,0.00
"03/04/2017 20:20:00","HUD VL",61758,29.91,3.20,0.00
"03/04/2017 20:20:00","LONGIL",61762,30.50,3.79,0.00
"03/04/2017 20:20:00","MHK VL",61756,27.85,1.15,0.00
"03/04/2017 20:20:00","MILLWD",61759,29.99,3.28,0.00
"03/04/2017 20:20:00","N.Y.C.",61761,30.15,3.45,0.00
"03/04/2017 20:20:00","NORTH",61755,25.42,-1.28,0.00
"03/04/2017 20:20:00","NPX",61845,28.95,2.24,0.00
"03/04/2017 20:20:00","O H",61846,25.19,-1.52,0.00
"03/04/2017 20:20:00","PJM",61847,27.75,1.04,0.00
"03/04/2017 20:20:00","WEST",61752,25.75,-0.96,0.00
"03/04/2017 20:25:00","CAPITL",61757,30.13,1.97,-1.52
"03/04/2017 20:25:00","CENTRL",61754,27.16,0.37,-0.15
"03/04/2017 20:25:00","DUNWOD",61760,30.90,3.14,-1.12
"03/04/2017 20:25:00","GENESE",61753,26.19,-0.56,-0.12
"03/04/2017 20:25:00","H Q",61844,25.73,-0.91,0.00
"03/04/2017 20:25:00","HUD VL",61758,30.92,3.17,-1.12
"03/04/2017 20:25:00","LONGIL",61762,31.51,3.76,-1.12
"03/04/2017 20:25:00","MHK VL",61756,27.91,1.12,-0.16
"03/04/2017 20:25:00","MILLWD",61759,31.02,3.25,-1.14
"03/04/2017 20:25:00","N.Y.C.",61761,31.17,3.41,-1.12
"03/04/2017 20:25:00","NORTH",61755,25.41,-1.22,0.00
"03/04/2017 20:25:00","NPX",61845,30.22,2.24,-1.35
"03/04/2017 20:25:00","O H",61846,25.15,-1.65,-0.16
"03/04/2017 20:25:00","PJM",61847,28.15,0.91,-0.61
"03/04/2017 20:25:00","WEST",61752,25.70,-1.09,-0.16
"03/04/2017 20:30:00","CAPITL",61757,30.33,1.95,-2.03
"03/04/2017 20:30:00","CENTRL",61754,26.95,0.40,-0.20
"03/04/2017 20:30:00","DUNWOD",61760,30.93,3.08,-1.50
"03/04/2017 20:30:00","GENESE",61753,25.98,-0.53,-0.16
"03/04/2017 20:30:00","H Q",61844,25.45,-0.90,0.00
"03/04/2017 20:30:00","HUD VL",61758,30.95,3.11,-1.49
"03/04/2017 20:30:00","LONGIL",61762,31.53,3.69,-1.50
"03/04/2017 20:30:00","MHK VL",61756,27.67,1.11,-0.22
"03/04/2017 20:30:00","MILLWD",61759,31.08,3.21,-1.52
"03/04/2017 20:30:00","N.Y.C.",61761,31.19,3.35,-1.50
"03/04/2017 20:30:00","NORTH",61755,25.14,-1.21,0.00
"03/04/2017 20:30:00","NPX",61845,30.36,2.21,-1.80
"03/04/2017 20:30:00","O H",61846,24.99,-1.58,-0.22
"03/04/2017 20:30:00","PJM",61847,28.11,0.95,-0.81
"03/04/2017 20:30:00","WEST",61752,25.50,-1.05,-0.21
"03/04/2017 20:35:00","CAPITL",61757,31.25,1.81,-4.93
"03/04/2017 20:35:00","CENTRL",61754,25.37,0.37,-0.49
"03/04/2017 20:35:00","DUNWOD",61760,31.02,2.87,-3.64
"03/04/2017 20:35:00","GENESE",61753,24.39,-0.52,-0.39
"03/04/2017 20:35:00","H Q",61844,23.68,-0.83,0.00
"03/04/2017 20:35:00","HUD VL",61758,31.02,2.89,-3.62
"03/04/2017 20:35:00","LONGIL",61762,31.63,3.48,-3.64
"03/04/2017 20:35:00","MHK VL",61756,26.07,1.03,-0.52
"03/04/2017 20:35:00","MILLWD",61759,31.16,2.96,-3.68
"03/04/2017 20:35:00","N.Y.C.",61761,31.24,3.09,-3.64
"03/04/2017 20:35:00","NORTH",61755,23.39,-1.13,0.00
"03/04/2017 20:35:00","NPX",61845,30.93,2.06,-4.36
"03/04/2017 20:35:00","O H",61846,23.55,-1.50,-0.53
"03/04/2017 20:35:00","PJM",61847,27.34,0.86,-1.97
"03/04/2017 20:35:00","WEST",61752,24.02,-1.01,-0.51
"03/04/2017 20:40:00","CAPITL",61757,31.20,1.81,-4.90
"03/04/2017 20:40:00","CENTRL",61754,25.35,0.37,-0.49
"03/04/2017 20:40:00","DUNWOD",61760,30.97,2.86,-3.61
"03/04/2017 20:40:00","GENESE",61753,24.39,-0.49,-0.39
"03/04/2017 20:40:00","H Q",61844,23.63,-0.86,0.00
"03/04/2017 20:40:00","HUD VL",61758,30.99,2.91,-3.59
"03/04/2017 20:40:00","LONGIL",61762,31.58,3.48,-3.61
"03/04/2017 20:40:00","MHK VL",61756,26.04,1.03,-0.52
"03/04/2017 20:40:00","MILLWD",61759,31.13,2.99,-3.66
"03/04/2017 20:40:00","N.Y.C.",61761,31.21,3.11,-3.61
"03/04/2017 20:40:00","NORTH",61755,23.36,-1.13,0.00
"03/04/2017 20:40:00","NPX",61845,30.88,2.06,-4.33
"03/04/2017 20:40:00","O H",61846,23.55,-1.47,-0.53
"03/04/2017 20:40:00","PJM",61847,27.33,0.88,-1.96
"03/04/2017 20:40:00","WEST",61752,24.01,-0.98,-0.51
"03/04/2017 20:45:00","CAPITL",61757,28.73,1.95,-0.39
"03/04/2017 20:45:00","CENTRL",61754,26.87,0.45,-0.04
"03/04/2017 20:45:00","DUNWOD",61760,29.84,3.16,-0.29
"03/04/2017 20:45:00","GENESE",61753,25.91,-0.50,-0.03
"03/04/2017 20:45:00","H Q",61844,25.44,-0.95,0.00
"03/04/2017 20:45:00","HUD VL",61758,29.86,3.19,-0.28
"03/04/2017 20:45:00","LONGIL",61762,30.50,3.82,-0.29
"03/04/2017 20:45:00","MHK VL",61756,27.56,1.13,-0.04
"03/04/2017 20:45:00","MILLWD",61759,29.95,3.27,-0.29
"03/04/2017 20:45:00","N.Y.C.",61761,30.13,3.46,-0.29
"03/04/2017 20:45:00","NORTH",61755,25.09,-1.29,0.00
"03/04/2017 20:45:00","NPX",61845,28.95,2.22,-0.34
"03/04/2017 20:45:00","O H",61846,24.95,-1.48,-0.04
"03/04/2017 20:45:00","PJM",61847,27.60,1.06,-0.16
"03/04/2017 20:45:00","WEST",61752,25.48,-0.95,-0.04
"03/04/2017 20:50:00","CAPITL",61757,27.56,1.90,0.00
"03/04/2017 20:50:00","CENTRL",61754,26.07,0.41,0.00
"03/04/2017 20:50:00","DUNWOD",61760,28.72,3.05,0.00
"03/04/2017 20:50:00","GENESE",61753,25.15,-0.51,0.00
"03/04/2017 20:50:00","H Q",61844,24.77,-0.90,0.00
"03/04/2017 20:50:00","HUD VL",61758,28.74,3.08,0.00
"03/04/2017 20:50:00","LONGIL",61762,29.36,3.70,0.00
"03/04/2017 20:50:00","MHK VL",61756,26.77,1.10,0.00
"03/04/2017 20:50:00","MILLWD",61759,28.85,3.18,0.00
"03/04/2017 20:50:00","N.Y.C.",61761,29.03,3.36,0.00
"03/04/2017 20:50:00","NORTH",61755,24.41,-1.26,0.00
"03/04/2017 20:50:00","NPX",61845,27.79,2.13,0.00
"03/04/2017 20:50:00","O H",61846,24.15,-1.51,0.00
"03/04/2017 20:50:00","PJM",61847,26.64,0.98,0.00
"03/04/2017 20:50:00","WEST",61752,24.69,-0.98,0.00
"03/04/2017 20:55:00","CAPITL",61757,27.90,1.90,0.00
"03/04/2017 20:55:00","CENTRL",61754,26.47,0.47,0.00
"03/04/2017 20:55:00","DUNWOD",61760,29.07,3.07,0.00
"03/04/2017 20:55:00","GENESE",61753,25.56,-0.44,0.00
"03/04/2017 20:55:00","H Q",61844,25.07,-0.94,0.00
"03/04/2017 20:55:00","HUD VL",61758,29.10,3.09,0.00
"03/04/2017 20:55:00","LONGIL",61762,29.75,3.75,0.00
"03/04/2017 20:55:00","MHK VL",61756,27.12,1.12,0.00
"03/04/2017 20:55:00","MILLWD",61759,29.20,3.20,0.00
"03/04/2017 20:55:00","N.Y.C.",61761,29.36,3.36,0.00
"03/04/2017 20:55:00","NORTH",61755,24.73,-1.27,0.00
"03/04/2017 20:55:00","NPX",61845,28.14,2.13,0.00
"03/04/2017 20:55:00","O H",61846,24.60,-1.40,0.00
"03/04/2017 20:55:00","PJM",61847,27.04,1.04,0.00
"03/04/2017 20:55:00","WEST",61752,25.12,-0.88,0.00
"03/04/2017 21:00:00","CAPITL",61757,27.93,1.88,0.00
"03/04/2017 21:00:00","CENTRL",61754,26.53,0.47,0.00
"03/04/2017 21:00:00","DUNWOD",61760,29.18,3.13,0.00
"03/04/2017 21:00:00","GENESE",61753,25.56,-0.50,0.00
"03/04/2017 21:00:00","H Q",61844,25.12,-0.94,0.00
"03/04/2017 21:00:00","HUD VL",61758,29.21,3.15,0.00
"03/04/2017 21:00:00","LONGIL",61762,29.91,3.86,0.00
"03/04/2017 21:00:00","MHK VL",61756,27.18,1.12,0.00
"03/04/2017 21:00:00","MILLWD",61759,29.29,3.23,0.00
"03/04/2017 21:00:00","N.Y.C.",61761,29.47,3.41,0.00
"03/04/2017 21:00:00","NORTH",61755,24.75,-1.30,0.00
"03/04/2017 21:00:00","NPX",61845,28.19,2.14,0.00
"03/04/2017 21:00:00","O H",61846,24.60,-1.46,0.00
"03/04/2017 21:00:00","PJM",61847,27.12,1.07,0.00
"03/04/2017 21:00:00","WEST",61752,25.12,-0.94,0.00
"03/04/2017 21:05:00","CAPITL",61757,27.90,1.90,0.00
"03/04/2017 21:05:00","CENTRL",61754,26.40,0.39,0.00
"03/04/2017 21:05:00","DUNWOD",61760,29.18,3.17,0.00
"03/04/2017 21:05:00","GENESE",61753,25.43,-0.57,0.00
"03/04/2017 21:05:00","H Q",61844,25.10,-0.91,0.00
"03/04/2017 21:05:00","HUD VL",61758,29.18,3.17,0.00
"03/04/2017 21:05:00","LONGIL",61762,29.88,3.88,0.00
"03/04/2017 21:05:00","MHK VL",61756,27.12,1.12,0.00
"03/04/2017 21:05:00","MILLWD",61759,29.28,3.28,0.00
"03/04/2017 21:05:00","N.Y.C.",61761,29.47,3.46,0.00
"03/04/2017 21:05:00","NORTH",61755,24.73,-1.27,0.00
"03/04/2017 21:05:00","NPX",61845,28.16,2.16,0.00
"03/04/2017 21:05:00","O H",61846,24.39,-1.61,0.00
"03/04/2017 21:05:00","PJM",61847,26.97,0.96,0.00
"03/04/2017 21:05:00","WEST",61752,24.92,-1.09,0.00
"03/04/2017 21:10:00","CAPITL",61757,26.91,1.83,0.00
"03/04/2017 21:10:00","CENTRL",61754,25.48,0.40,0.00
"03/04/2017 21:10:00","DUNWOD",61760,28.09,3.01,0.00
"03/04/2017 21:10:00","GENESE",61753,24.55,-0.53,0.00
"03/04/2017 21:10:00","H Q",61844,24.20,-0.88,0.00
"03/04/2017 21:10:00","HUD VL",61758,28.11,3.03,0.00
"03/04/2017 21:10:00","LONGIL",61762,28.77,3.69,0.00
"03/04/2017 21:10:00","MHK VL",61756,26.16,1.08,0.00
"03/04/2017 21:10:00","MILLWD",61759,28.19,3.11,0.00
"03/04/2017 21:10:00","N.Y.C.",61761,28.36,3.28,0.00
"03/04/2017 21:10:00","NORTH",61755,23.85,-1.23,0.00
"03/04/2017 21:10:00","NPX",61845,27.14,2.06,0.00
"03/04/2017 21:10:00","O H",61846,23.60,-1.48,0.00
"03/04/2017 21:10:00","PJM",61847,26.03,0.95,0.00
"03/04/2017 21:10:00","WEST",61752,24.10,-0.98,0.00
"03/04/2017 21:15:00","CAPITL",61757,27.22,1.90,0.00
"03/04/2017 21:15:00","CENTRL",61754,25.67,0.35,0.00
"03/04/2017 21:15:00","DUNWOD",61760,28.35,3.04,0.00
"03/04/2017 21:15:00","GENESE",61753,24.81,-0.51,0.00
"03/04/2017 21:15:00","H Q",61844,24.43,-0.89,0.00
"03/04/2017 21:15:00","HUD VL",61758,28.38,3.06,0.00
"03/04/2017 21:15:00","LONGIL",61762,28.96,3.65,0.00
"03/04/2017 21:15:00","MHK VL",61756,26.38,1.06,0.00
"03/04/2017 21:15:00","MILLWD",61759,28.43,3.11,0.00
"03/04/2017 21:15:00","N.Y.C.",61761,28.63,3.32,0.00
"03/04/2017 21:15:00","NORTH",61755,24.05,-1.27,0.00
"03/04/2017 21:15:00","NPX",61845,27.44,2.13,0.00
"03/04/2017 21:15:00","O H",61846,23.82,-1.49,0.00
"03/04/2017 21:15:00","PJM",61847,26.23,0.91,0.00
"03/04/2017 21:15:00","WEST",61752,24.33,-0.99,0.00
"03/04/2017 21:20:00","CAPITL",61757,27.91,1.83,-1.30
"03/04/2017 21:20:00","CENTRL",61754,25.23,0.32,-0.13
"03/04/2017 21:20:00","DUNWOD",61760,28.69,2.95,-0.96
"03/04/2017 21:20:00","GENESE",61753,24.32,-0.57,-0.10
"03/04/2017 21:20:00","H Q",61844,23.94,-0.84,0.00
"03/04/2017 21:20:00","HUD VL",61758,28.71,2.97,-0.95
"03/04/2017 21:20:00","LONGIL",61762,29.31,3.57,-0.96
"03/04/2017 21:20:00","MHK VL",61756,25.96,1.04,-0.14
"03/04/2017 21:20:00","MILLWD",61759,28.80,3.05,-0.97
"03/04/2017 21:20:00","N.Y.C.",61761,28.96,3.22,-0.96
"03/04/2017 21:20:00","NORTH",61755,23.62,-1.16,0.00
"03/04/2017 21:20:00","NPX",61845,28.01,2.08,-1.15
"03/04/2017 21:20:00","O H",61846,23.36,-1.56,-0.14
"03/04/2017 21:20:00","PJM",61847,26.12,0.82,-0.52
"03/04/2017 21:20:00","WEST",61752,23.83,-1.09,-0.13
"03/04/2017 21:25:00","CAPITL",61757,26.76,1.84,0.00
"03/04/2017 21:25:00","CENTRL",61754,25.31,0.40,0.00
"03/04/2017 21:25:00","DUNWOD",61760,27.88,2.96,0.00
"03/04/2017 21:25:00","GENESE",61753,24.47,-0.45,0.00
"03/04/2017 21:25:00","H Q",61844,24.02,-0.90,0.00
"03/04/2017 21:25:00","HUD VL",61758,27.90,2.99,0.00
"03/04/2017 21:25:00","LONGIL",61762,28.48,3.56,0.00
"03/04/2017 21:25:00","MHK VL",61756,25.96,1.05,0.00
"03/04/2017 21:25:00","MILLWD",61759,27.98,3.06,0.00
"03/04/2017 21:25:00","N.Y.C.",61761,28.15,3.24,0.00
"03/04/2017 21:25:00","NORTH",61755,23.70,-1.22,0.00
"03/04/2017 21:25:00","NPX",61845,27.01,2.09,0.00
"03/04/2017 21:25:00","O H",61846,23.55,-1.37,0.00
"03/04/2017 21:25:00","PJM",61847,25.86,0.95,0.00
"03/04/2017 21:25:00","WEST",61752,24.04,-0.87,0.00
"03/04/2017 21:30:00","CAPITL",61757,27.15,1.73,-2.11
"03/04/2017 21:30:00","CENTRL",61754,23.83,0.30,-0.21
"03/04/2017 21:30:00","DUNWOD",61760,27.63,2.75,-1.56
"03/04/2017 21:30:00","GENESE",61753,22.95,-0.54,-0.17
"03/04/2017 21:30:00","H Q",61844,22.53,-0.79,0.00
"03/04/2017 21:30:00","HUD VL",61758,27.62,2.75,-1.55
"03/04/2017 21:30:00","LONGIL",61762,28.17,3.29,-1.56
"03/04/2017 21:30:00","MHK VL",61756,24.50,0.96,-0.23
"03/04/2017 21:30:00","MILLWD",61759,27.72,2.82,-1.58
"03/04/2017 21:30:00","N.Y.C.",61761,27.86,2.99,-1.56
"03/04/2017 21:30:00","NORTH",61755,22.25,-1.07,0.00
"03/04/2017 21:30:00","NPX",61845,27.15,1.96,-1.87
"03/04/2017 21:30:00","O H",61846,22.10,-1.45,-0.23
"03/04/2017 21:30:00","PJM",61847,24.96,0.79,-0.84
"03/04/2017 21:30:00","WEST",61752,22.56,-0.98,-0.22
"03/04/2017 21:35:00","CAPITL",61757,27.96,1.72,-3.00
"03/04/2017 21:35:00","CENTRL",61754,23.82,0.28,-0.30
"03/04/2017 21:35:00","DUNWOD",61760,28.15,2.69,-2.22
"03/04/2017 21:35:00","GENESE",61753,22.92,-0.56,-0.24
"03/04/2017 21:35:00","H Q",61844,22.45,-0.79,0.00
"03/04/2017 21:35:00","HUD VL",61758,28.16,2.72,-2.20
"03/04/2017 21:35:00","LONGIL",61762,28.71,3.25,-2.22
"03/04/2017 21:35:00","MHK VL",61756,24.52,0.95,-0.32
"03/04/2017 21:35:00","MILLWD",61759,28.27,2.79,-2.24
"03/04/2017 21:35:00","N.Y.C.",61761,28.41,2.95,-2.22
"03/04/2017 21:35:00","NORTH",61755,22.19,-1.05,0.00
"03/04/2017 21:35:00","NPX",61845,27.83,1.93,-2.66
"03/04/2017 21:35:00","O H",61846,22.07,-1.49,-0.32
"03/04/2017 21:35:00","PJM",61847,25.19,0.74,-1.20
"03/04/2017 21:35:00","WEST",61752,22.53,-1.02,-0.31
"03/04/2017 21:40:00","CAPITL",61757,26.42,1.72,-1.39
"03/04/2017 21:40:00","CENTRL",61754,23.72,0.28,-0.14
"03/04/2017 21:40:00","DUNWOD",61760,27.06,2.73,-1.03
"03/04/2017 21:40:00","GENESE",61753,22.85,-0.56,-0.11
"03/04/2017 21:40:00","H Q",61844,22.51,-0.79,0.00
"03/04/2017 21:40:00","HUD VL",61758,27.07,2.75,-1.02
"03/04/2017 21:40:00","LONGIL",61762,27.59,3.26,-1.03
"03/04/2017 21:40:00","MHK VL",61756,24.41,0.96,-0.15
"03/04/2017 21:40:00","MILLWD",61759,27.16,2.82,-1.04
"03/04/2017 21:40:00","N.Y.C.",61761,27.31,2.98,-1.03
"03/04/2017 21:40:00","NORTH",61755,22.23,-1.07,0.00
"03/04/2017 21:40:00","NPX",61845,26.49,1.96,-1.23
"03/04/2017 21:40:00","O H",61846,21.99,-1.47,-0.15
"03/04/2017 21:40:00","PJM",61847,24.61,0.75,-0.56
"03/04/2017 21:40:00","WEST",61752,22.42,-1.02,-0.14
"03/04/2017 21:45:00","CAPITL",61757,25.09,1.73,0.00
"03/04/2017 21:45:00","CENTRL",61754,23.73,0.37,0.00
"03/04/2017 21:45:00","DUNWOD",61760,26.07,2.71,0.00
"03/04/2017 21:45:00","GENESE",61753,22.89,-0.47,0.00
"03/04/2017 21:45:00","H Q",61844,22.54,-0.82,0.00
"03/04/2017 21:45:00","HUD VL",61758,26.09,2.73,0.00
"03/04/2017 21:45:00","LONGIL",61762,26.60,3.25,0.00
"03/04/2017 21:45:00","MHK VL",61756,24.34,0.98,0.00
"03/04/2017 21:45:00","MILLWD",61759,26.16,2.80,0.00
"03/04/2017 21:45:00","N.Y.C.",61761,26.32,2.97,0.00
"03/04/2017 21:45:00","NORTH",61755,22.24,-1.12,0.00
"03/04/2017 21:45:00","NPX",61845,25.29,1.94,0.00
"03/04/2017 21:45:00","O H",61846,22.05,-1.31,0.00
"03/04/2017 21:45:00","PJM",61847,24.22,0.86,0.00
"03/04/2017 21:45:00","WEST",61752,22.49,-0.86,0.00
"03/04/2017 21:50:00","CAPITL",61757,26.18,1.80,0.00
"03/04/2017 21:50:00","CENTRL",61754,24.74,0.37,0.00
"03/04/2017 21:50:00","DUNWOD",61760,27.22,2.85,0.00
"03/04/2017 21:50:00","GENESE",61753,23.88,-0.49,0.00
"03/04/2017 21:50:00","H Q",61844,23.52,-0.85,0.00
"03/04/2017 21:50:00","HUD VL",61758,27.22,2.85,0.00
"03/04/2017 21:50:00","LONGIL",61762,27.76,3.39,0.00
"03/04/2017 21:50:00","MHK VL",61756,25.37,1.00,0.00
"03/04/2017 21:50:00","MILLWD",61759,27.32,2.95,0.00
"03/04/2017 21:50:00","N.Y.C.",61761,27.49,3.12,0.00
"03/04/2017 21:50:00","NORTH",61755,23.20,-1.17,0.00
"03/04/2017 21:50:00","NPX",61845,26.39,2.02,0.00
"03/04/2017 21:50:00","O H",61846,22.98,-1.39,0.00
"03/04/2017 21:50:00","PJM",61847,25.22,0.85,0.00
"03/04/2017 21:50:00","WEST",61752,23.45,-0.93,0.00
"03/04/2017 21:55:00","CAPITL",61757,26.59,1.81,0.00
"03/04/2017 21:55:00","CENTRL",61754,25.18,0.40,0.00
"03/04/2017 21:55:00","DUNWOD",61760,27.66,2.87,0.00
"03/04/2017 21:55:00","GENESE",61753,24.31,-0.47,0.00
"03/04/2017 21:55:00","H Q",61844,23.92,-0.87,0.00
"03/04/2017 21:55:00","HUD VL",61758,27.68,2.90,0.00
"03/04/2017 21:55:00","LONGIL",61762,28.21,3.42,0.00
"03/04/2017 21:55:00","MHK VL",61756,25.80,1.02,0.00
"03/04/2017 21:55:00","MILLWD",61759,27.76,2.97,0.00
"03/04/2017 21:55:00","N.Y.C.",61761,27.93,3.15,0.00
"03/04/2017 21:55:00","NORTH",61755,23.62,-1.16,0.00
"03/04/2017 21:55:00","NPX",61845,26.82,2.03,0.00
"03/04/2017 21:55:00","O H",61846,23.42,-1.36,0.00
"03/04/2017 21:55:00","PJM",61847,25.68,0.89,0.00
"03/04/2017 21:55:00","WEST",61752,23.89,-0.89,0.00
"03/04/2017 22:00:00","CAPITL",61757,24.36,1.68,0.00
"03/04/2017 22:00:00","CENTRL",61754,23.00,0.32,0.00
"03/04/2017 22:00:00","DUNWOD",61760,25.29,2.61,0.00
"03/04/2017 22:00:00","GENESE",61753,22.20,-0.48,0.00
"03/04/2017 22:00:00","H Q",61844,21.89,-0.79,0.00
"03/04/2017 22:00:00","HUD VL",61758,25.31,2.63,0.00
"03/04/2017 22:00:00","LONGIL",61762,25.90,3.22,0.00
"03/04/2017 22:00:00","MHK VL",61756,23.59,0.91,0.00
"03/04/2017 22:00:00","MILLWD",61759,25.38,2.70,0.00
"03/04/2017 22:00:00","N.Y.C.",61761,25.51,2.83,0.00
"03/04/2017 22:00:00","NORTH",61755,21.61,-1.07,0.00
"03/04/2017 22:00:00","NPX",61845,24.56,1.88,0.00
"03/04/2017 22:00:00","O H",61846,21.34,-1.34,0.00
"03/04/2017 22:00:00","PJM",61847,23.43,0.75,0.00
"03/04/2017 22:00:00","WEST",61752,21.79,-0.88,0.00
"03/04/2017 22:05:00","CAPITL",61757,23.47,1.55,-1.27
"03/04/2017 22:05:00","CENTRL",61754,21.02,0.25,-0.13
"03/04/2017 22:05:00","DUNWOD",61760,23.92,2.33,-0.94
"03/04/2017 22:05:00","GENESE",61753,20.27,-0.47,-0.10
"03/04/2017 22:05:00","H Q",61844,19.94,-0.70,0.00
"03/04/2017 22:05:00","HUD VL",61758,23.93,2.35,-0.93
"03/04/2017 22:05:00","LONGIL",61762,24.50,2.91,-0.94
"03/04/2017 22:05:00","MHK VL",61756,21.59,0.80,-0.14
"03/04/2017 22:05:00","MILLWD",61759,24.01,2.41,-0.95
"03/04/2017 22:05:00","N.Y.C.",61761,24.10,2.52,-0.94
"03/04/2017 22:05:00","NORTH",61755,19.68,-0.97,0.00
"03/04/2017 22:05:00","NPX",61845,23.47,1.69,-1.13
"03/04/2017 22:05:00","O H",61846,19.48,-1.30,-0.14
"03/04/2017 22:05:00","PJM",61847,21.75,0.60,-0.51
"03/04/2017 22:05:00","WEST",61752,19.89,-0.89,-0.13
"03/04/2017 22:10:00","CAPITL",61757,24.55,1.43,-3.81
"03/04/2017 22:10:00","CENTRL",61754,19.89,0.19,-0.38
"03/04/2017 22:10:00","DUNWOD",61760,24.31,2.18,-2.81
"03/04/2017 22:10:00","GENESE",61753,19.13,-0.48,-0.30
"03/04/2017 22:10:00","H Q",61844,18.66,-0.66,0.00
"03/04/2017 22:10:00","HUD VL",61758,24.31,2.20,-2.79
"03/04/2017 22:10:00","LONGIL",61762,24.85,2.72,-2.81
"03/04/2017 22:10:00","MHK VL",61756,20.46,0.73,-0.41
"03/04/2017 22:10:00","MILLWD",61759,24.42,2.26,-2.85
"03/04/2017 22:10:00","N.Y.C.",61761,24.50,2.37,-2.81
"03/04/2017 22:10:00","NORTH",61755,18.42,-0.89,0.00
"03/04/2017 22:10:00","NPX",61845,24.29,1.60,-3.37
"03/04/2017 22:10:00","O H",61846,18.45,-1.28,-0.41
"03/04/2017 22:10:00","PJM",61847,21.32,0.48,-1.53
"03/04/2017 22:10:00","WEST",61752,18.80,-0.91,-0.39
"03/04/2017 22:15:00","CAPITL",61757,26.16,1.60,-2.97
"03/04/2017 22:15:00","CENTRL",61754,22.15,0.26,-0.30
"03/04/2017 22:15:00","DUNWOD",61760,26.20,2.42,-2.19
"03/04/2017 22:15:00","GENESE",61753,21.29,-0.54,-0.23
"03/04/2017 22:15:00","H Q",61844,20.86,-0.73,0.00
"03/04/2017 22:15:00","HUD VL",61758,26.21,2.44,-2.18
"03/04/2017 22:15:00","LONGIL",61762,26.78,3.00,-2.19
"03/04/2017 22:15:00","MHK VL",61756,22.76,0.84,-0.32
"03/04/2017 22:15:00","MILLWD",61759,26.31,2.50,-2.22
"03/04/2017 22:15:00","N.Y.C.",61761,26.39,2.61,-2.19
"03/04/2017 22:15:00","NORTH",61755,20.58,-1.01,0.00
"03/04/2017 22:15:00","NPX",61845,25.99,1.77,-2.62
"03/04/2017 22:15:00","O H",61846,20.53,-1.38,-0.32
"03/04/2017 22:15:00","PJM",61847,23.38,0.60,-1.19
"03/04/2017 22:15:00","WEST",61752,20.93,-0.97,-0.31
"03/04/2017 22:20:00","CAPITL",61757,26.57,1.43,-5.50
"03/04/2017 22:20:00","CENTRL",61754,20.45,0.25,-0.55
"03/04/2017 22:20:00","DUNWOD",61760,25.90,2.20,-4.06
"03/04/2017 22:20:00","GENESE",61753,19.61,-0.47,-0.43
"03/04/2017 22:20:00","H Q",61844,18.96,-0.69,0.00
"03/04/2017 22:20:00","HUD VL",61758,25.90,2.22,-4.03
"03/04/2017 22:20:00","LONGIL",61762,26.43,2.73,-4.06
"03/04/2017 22:20:00","MHK VL",61756,21.01,0.77,-0.60
"03/04/2017 22:20:00","MILLWD",61759,26.03,2.28,-4.11
"03/04/2017 22:20:00","N.Y.C.",61761,26.10,2.40,-4.06
"03/04/2017 22:20:00","NORTH",61755,18.68,-0.96,0.00
"03/04/2017 22:20:00","NPX",61845,26.12,1.61,-4.87
"03/04/2017 22:20:00","O H",61846,19.04,-1.20,-0.59
"03/04/2017 22:20:00","PJM",61847,22.46,0.61,-2.20
"03/04/2017 22:20:00","WEST",61752,19.37,-0.84,-0.57
"03/04/2017 22:25:00","CAPITL",61757,25.40,1.40,-4.77
"03/04/2017 22:25:00","CENTRL",61754,19.92,0.21,-0.47
"03/04/2017 22:25:00","DUNWOD",61760,24.90,2.15,-3.52
"03/04/2017 22:25:00","GENESE",61753,19.11,-0.50,-0.38
"03/04/2017 22:25:00","H Q",61844,18.58,-0.65,0.00
"03/04/2017 22:25:00","HUD VL",61758,24.90,2.17,-3.50
"03/04/2017 22:25:00","LONGIL",61762,25.41,2.65,-3.52
"03/04/2017 22:25:00","MHK VL",61756,20.50,0.75,-0.52
"03/04/2017 22:25:00","MILLWD",61759,25.02,2.23,-3.56
"03/04/2017 22:25:00","N.Y.C.",61761,25.10,2.35,-3.52
"03/04/2017 22:25:00","NORTH",61755,18.31,-0.92,0.00
"03/04/2017 22:25:00","NPX",61845,25.03,1.58,-4.22
"03/04/2017 22:25:00","O H",61846,18.51,-1.23,-0.51
"03/04/2017 22:25:00","PJM",61847,21.68,0.54,-1.91
"03/04/2017 22:25:00","WEST",61752,18.84,-0.88,-0.49
"03/04/2017 22:30:00","CAPITL",61757,28.13,1.38,-7.76
"03/04/2017 22:30:00","CENTRL",61754,19.94,0.19,-0.77
"03/04/2017 22:30:00","DUNWOD",61760,26.83,2.13,-5.73
"03/04/2017 22:30:00","GENESE",61753,19.06,-0.53,-0.61
"03/04/2017 22:30:00","H Q",61844,18.33,-0.65,0.00
"03/04/2017 22:30:00","HUD VL",61758,26.82,2.14,-5.70
"03/04/2017 22:30:00","LONGIL",61762,27.33,2.62,-5.73
"03/04/2017 22:30:00","MHK VL",61756,20.55,0.72,-0.85
"03/04/2017 22:30:00","MILLWD",61759,26.98,2.20,-5.80
"03/04/2017 22:30:00","N.Y.C.",61761,27.02,2.31,-5.73
"03/04/2017 22:30:00","NORTH",61755,18.07,-0.91,0.00
"03/04/2017 22:30:00","NPX",61845,27.42,1.57,-6.87
"03/04/2017 22:30:00","O H",61846,18.52,-1.29,-0.83
"03/04/2017 22:30:00","PJM",61847,22.60,0.51,-3.11
"03/04/2017 22:30:00","WEST",61752,18.85,-0.93,-0.80
"03/04/2017 22:35:00","CAPITL",61757,28.12,1.39,-7.67
"03/04/2017 22:35:00","CENTRL",61754,20.03,0.21,-0.76
"03/04/2017 22:35:00","DUNWOD",61760,26.84,2.12,-5.67
"03/04/2017 22:35:00","GENESE",61753,19.15,-0.51,-0.61
"03/04/2017 22:35:00","H Q",61844,18.41,-0.65,0.00
"03/04/2017 22:35:00","HUD VL",61758,26.82,2.13,-5.63
"03/04/2017 22:35:00","LONGIL",61762,27.31,2.59,-5.66
"03/04/2017 22:35:00","MHK VL",61756,20.62,0.72,-0.84
"03/04/2017 22:35:00","MILLWD",61759,26.98,2.19,-5.74
"03/04/2017 22:35:00","N.Y.C.",61761,27.01,2.29,-5.67
"03/04/2017 22:35:00","NORTH",61755,18.16,-0.90,0.00
"03/04/2017 22:35:00","NPX",61845,28.52,1.60,-7.86
"03/04/2017 22:35:00","O H",61846,18.62,-1.26,-0.82
"03/04/2017 22:35:00","PJM",61847,22.66,0.53,-3.07
"03/04/2017 22:35:00","WEST",61752,18.94,-0.91,-0.79
"03/04/2017 22:40:00","CAPITL",61757,28.10,1.39,-7.65
"03/04/2017 22:40:00","CENTRL",61754,20.05,0.23,-0.76
"03/04/2017 22:40:00","DUNWOD",61760,26.82,2.12,-5.65
"03/04/2017 22:40:00","GENESE",61753,19.13,-0.53,-0.60
"03/04/2017 22:40:00","H Q",61844,18.41,-0.65,0.00
"03/04/2017 22:40:00","HUD VL",61758,26.81,2.13,-5.61
"03/04/2017 22:40:00","LONGIL",61762,27.30,2.59,-5.65
"03/04/2017 22:40:00","MHK VL",61756,20.62,0.72,-0.84
"03/04/2017 22:40:00","MILLWD",61759,26.97,2.19,-5.72
"03/04/2017 22:40:00","N.Y.C.",61761,27.01,2.31,-5.65
"03/04/2017 22:40:00","NORTH",61755,18.16,-0.90,0.00
"03/04/2017 22:40:00","NPX",61845,28.48,1.58,-7.84
"03/04/2017 22:40:00","O H",61846,18.62,-1.26,-0.82
"03/04/2017 22:40:00","PJM",61847,22.69,0.57,-3.06
"03/04/2017 22:40:00","WEST",61752,18.95,-0.90,-0.79
"03/04/2017 22:45:00","CAPITL",61757,45.50,-1.92,-73.80
"03/04/2017 22:45:00","CENTRL",61754,-19.26,-0.24,-7.35
"03/04/2017 22:45:00","DUNWOD",61760,25.13,-2.98,-54.48
"03/04/2017 22:45:00","GENESE",61753,-19.84,0.71,-5.82
"03/04/2017 22:45:00","H Q",61844,-25.48,0.90,0.00
"03/04/2017 22:45:00","HUD VL",61758,24.76,-3.01,-54.14
"03/04/2017 22:45:00","LONGIL",61762,24.49,-3.61,-54.47
"03/04/2017 22:45:00","MHK VL",61756,-19.27,-0.98,-8.08
"03/04/2017 22:45:00","MILLWD",61759,25.72,-3.06,-55.15
"03/04/2017 22:45:00","N.Y.C.",61761,24.87,-3.24,-54.48
"03/04/2017 22:45:00","NORTH",61755,-25.13,1.24,0.00
"03/04/2017 22:45:00","NPX",61845,37.80,-2.22,-66.38
"03/04/2017 22:45:00","O H",61846,-16.71,1.74,-7.92
"03/04/2017 22:45:00","PJM",61847,2.49,-0.68,-29.55
"03/04/2017 22:45:00","WEST",61752,-17.51,1.24,-7.62
"03/04/2017 22:50:00","CAPITL",61757,23.94,1.42,-3.12
"03/04/2017 22:50:00","CENTRL",61754,19.93,0.21,-0.31
"03/04/2017 22:50:00","DUNWOD",61760,23.90,2.19,-2.30
"03/04/2017 22:50:00","GENESE",61753,19.13,-0.52,-0.25
"03/04/2017 22:50:00","H Q",61844,18.75,-0.66,0.00
"03/04/2017 22:50:00","HUD VL",61758,23.91,2.21,-2.29
"03/04/2017 22:50:00","LONGIL",61762,24.37,2.66,-2.30
"03/04/2017 22:50:00","MHK VL",61756,20.49,0.74,-0.34
"03/04/2017 22:50:00","MILLWD",61759,24.01,2.27,-2.33
"03/04/2017 22:50:00","N.Y.C.",61761,24.10,2.39,-2.30
"03/04/2017 22:50:00","NORTH",61755,18.48,-0.93,0.00
"03/04/2017 22:50:00","NPX",61845,25.86,1.61,-4.84
"03/04/2017 22:50:00","O H",61846,18.48,-1.26,-0.33
"03/04/2017 22:50:00","PJM",61847,21.22,0.56,-1.25
"03/04/2017 22:50:00","WEST",61752,18.84,-0.89,-0.32
"03/04/2017 22:55:00","CAPITL",61757,28.33,0.89,-14.86
"03/04/2017 22:55:00","CENTRL",61754,14.20,0.15,-1.48
"03/04/2017 22:55:00","DUNWOD",61760,24.94,1.39,-10.97
"03/04/2017 22:55:00","GENESE",61753,13.47,-0.28,-1.17
"03/04/2017 22:55:00","H Q",61844,12.14,-0.43,0.00
"03/04/2017 22:55:00","HUD VL",61758,24.88,1.41,-10.90
"03/04/2017 22:55:00","LONGIL",61762,25.24,1.70,-10.97
"03/04/2017 22:55:00","MHK VL",61756,14.67,0.48,-1.63
"03/04/2017 22:55:00","MILLWD",61759,25.12,1.44,-11.11
"03/04/2017 22:55:00","N.Y.C.",61761,25.06,1.52,-10.97
"03/04/2017 22:55:00","NORTH",61755,11.98,-0.59,0.00
"03/04/2017 22:55:00","NPX",61845,28.82,1.02,-15.24
"03/04/2017 22:55:00","O H",61846,13.42,-0.74,-1.59
"03/04/2017 22:55:00","PJM",61847,18.90,0.38,-5.95
"03/04/2017 22:55:00","WEST",61752,13.61,-0.49,-1.53
"03/04/2017 23:00:00","CAPITL",61757,26.92,1.81,0.00
"03/04/2017 23:00:00","CENTRL",61754,25.46,0.35,0.00
"03/04/2017 23:00:00","DUNWOD",61760,27.90,2.79,0.00
"03/04/2017 23:00:00","GENESE",61753,24.58,-0.53,0.00
"03/04/2017 23:00:00","H Q",61844,24.23,-0.88,0.00
"03/04/2017 23:00:00","HUD VL",61758,27.93,2.81,0.00
"03/04/2017 23:00:00","LONGIL",61762,28.63,3.52,0.00
"03/04/2017 23:00:00","MHK VL",61756,26.07,0.95,0.00
"03/04/2017 23:00:00","MILLWD",61759,28.00,2.89,0.00
"03/04/2017 23:00:00","N.Y.C.",61761,28.15,3.04,0.00
"03/04/2017 23:00:00","NORTH",61755,23.93,-1.18,0.00
"03/04/2017 23:00:00","NPX",61845,29.23,2.03,-2.08
"03/04/2017 23:00:00","O H",61846,23.71,-1.41,0.00
"03/04/2017 23:00:00","PJM",61847,25.94,0.83,0.00
"03/04/2017 23:00:00","WEST",61752,24.18,-0.93,0.00
"03/04/2017 23:05:00","CAPITL",61757,27.90,1.82,0.00
"03/04/2017 23:05:00","CENTRL",61754,26.49,0.42,0.00
"03/04/2017 23:05:00","DUNWOD",61760,29.02,2.95,0.00
"03/04/2017 23:05:00","GENESE",61753,25.58,-0.50,0.00
"03/04/2017 23:05:00","H Q",61844,25.17,-0.91,0.00
"03/04/2017 23:05:00","HUD VL",61758,29.02,2.95,0.00
"03/04/2017 23:05:00","LONGIL",61762,29.94,3.86,0.00
"03/04/2017 23:05:00","MHK VL",61756,27.09,1.02,0.00
"03/04/2017 23:05:00","MILLWD",61759,29.10,3.02,0.00
"03/04/2017 23:05:00","N.Y.C.",61761,29.26,3.18,0.00
"03/04/2017 23:05:00","NORTH",61755,24.83,-1.25,0.00
"03/04/2017 23:05:00","NPX",61845,27.73,2.06,0.40
"03/04/2017 23:05:00","O H",61846,24.75,-1.33,0.00
"03/04/2017 23:05:00","PJM",61847,27.04,0.97,0.00
"03/04/2017 23:05:00","WEST",61752,25.24,-0.84,0.00
"03/04/2017 23:10:00","CAPITL",61757,27.75,1.79,0.00
"03/04/2017 23:10:00","CENTRL",61754,26.38,0.41,0.00
"03/04/2017 23:10:00","DUNWOD",61760,28.90,2.93,0.00
"03/04/2017 23:10:00","GENESE",61753,25.47,-0.49,0.00
"03/04/2017 23:10:00","H Q",61844,25.05,-0.91,0.00
"03/04/2017 23:10:00","HUD VL",61758,28.90,2.93,0.00
"03/04/2017 23:10:00","LONGIL",61762,29.81,3.84,0.00
"03/04/2017 23:10:00","MHK VL",61756,26.98,1.01,0.00
"03/04/2017 23:10:00","MILLWD",61759,28.97,3.01,0.00
"03/04/2017 23:10:00","N.Y.C.",61761,29.13,3.17,0.00
"03/04/2017 23:10:00","NORTH",61755,24.74,-1.22,0.00
"03/04/2017 23:10:00","NPX",61845,27.61,2.05,0.40
"03/04/2017 23:10:00","O H",61846,24.67,-1.30,0.00
"03/04/2017 23:10:00","PJM",61847,26.95,0.99,0.00
"03/04/2017 23:10:00","WEST",61752,25.16,-0.81,0.00
"03/04/2017 23:15:00","CAPITL",61757,26.46,1.73,0.00
"03/04/2017 23:15:00","CENTRL",61754,25.05,0.32,0.00
"03/04/2017 23:15:00","DUNWOD",61760,27.48,2.75,0.00
"03/04/2017 23:15:00","GENESE",61753,24.17,-0.57,0.00
"03/04/2017 23:15:00","H Q",61844,23.92,-0.82,0.00
"03/04/2017 23:15:00","HUD VL",61758,27.50,2.77,0.00
"03/04/2017 23:15:00","LONGIL",61762,28.32,3.59,0.00
"03/04/2017 23:15:00","MHK VL",61756,25.70,0.96,0.00
"03/04/2017 23:15:00","MILLWD",61759,27.55,2.82,0.00
"03/04/2017 23:15:00","N.Y.C.",61761,27.73,2.99,0.00
"03/04/2017 23:15:00","NORTH",61755,23.62,-1.11,0.00
"03/04/2017 23:15:00","NPX",61845,26.28,1.95,0.40
"03/04/2017 23:15:00","O H",61846,23.35,-1.38,0.00
"03/04/2017 23:15:00","PJM",61847,25.55,0.82,0.00
"03/04/2017 23:15:00","WEST",61752,23.77,-0.97,0.00
"03/04/2017 23:20:00","CAPITL",61757,26.57,1.65,-1.02
"03/04/2017 23:20:00","CENTRL",61754,24.27,0.26,-0.10
"03/04/2017 23:20:00","DUNWOD",61760,27.29,2.63,-0.75
"03/04/2017 23:20:00","GENESE",61753,23.39,-0.60,-0.08
"03/04/2017 23:20:00","H Q",61844,23.14,-0.77,0.00
"03/04/2017 23:20:00","HUD VL",61758,27.31,2.65,-0.75
"03/04/2017 23:20:00","LONGIL",61762,28.07,3.42,-0.75
"03/04/2017 23:20:00","MHK VL",61756,24.93,0.91,-0.11
"03/04/2017 23:20:00","MILLWD",61759,27.37,2.70,-0.76
"03/04/2017 23:20:00","N.Y.C.",61761,27.52,2.87,-0.75
"03/04/2017 23:20:00","NORTH",61755,22.88,-1.03,0.00
"03/04/2017 23:20:00","NPX",61845,26.67,1.87,-0.90
"03/04/2017 23:20:00","O H",61846,22.58,-1.43,-0.11
"03/04/2017 23:20:00","PJM",61847,25.01,0.69,-0.41
"03/04/2017 23:20:00","WEST",61752,22.98,-1.03,-0.11
"03/04/2017 23:25:00","CAPITL",61757,26.04,1.63,-0.51
"03/04/2017 23:25:00","CENTRL",61754,24.24,0.29,-0.05
"03/04/2017 23:25:00","DUNWOD",61760,26.91,2.63,-0.38
"03/04/2017 23:25:00","GENESE",61753,23.34,-0.60,-0.04
"03/04/2017 23:25:00","H Q",61844,23.11,-0.79,0.00
"03/04/2017 23:25:00","HUD VL",61758,26.90,2.63,-0.38
"03/04/2017 23:25:00","LONGIL",61762,27.67,3.39,-0.38
"03/04/2017 23:25:00","MHK VL",61756,24.86,0.91,-0.06
"03/04/2017 23:25:00","MILLWD",61759,26.98,2.70,-0.38
"03/04/2017 23:25:00","N.Y.C.",61761,27.12,2.84,-0.38
"03/04/2017 23:25:00","NORTH",61755,22.85,-1.05,0.00
"03/04/2017 23:25:00","NPX",61845,26.22,1.87,-0.45
"03/04/2017 23:25:00","O H",61846,22.52,-1.43,-0.05
"03/04/2017 23:25:00","PJM",61847,24.82,0.72,-0.20
"03/04/2017 23:25:00","WEST",61752,22.95,-1.00,-0.05
"03/04/2017 23:30:00","CAPITL",61757,24.26,1.48,-1.06
"03/04/2017 23:30:00","CENTRL",61754,22.05,0.22,-0.11
"03/04/2017 23:30:00","DUNWOD",61760,24.89,2.39,-0.78
"03/04/2017 23:30:00","GENESE",61753,21.24,-0.56,-0.08
"03/04/2017 23:30:00","H Q",61844,21.03,-0.70,0.00
"03/04/2017 23:30:00","HUD VL",61758,24.91,2.41,-0.78
"03/04/2017 23:30:00","LONGIL",61762,25.59,3.08,-0.78
"03/04/2017 23:30:00","MHK VL",61756,22.67,0.83,-0.12
"03/04/2017 23:30:00","MILLWD",61759,24.97,2.45,-0.79
"03/04/2017 23:30:00","N.Y.C.",61761,25.11,2.61,-0.78
"03/04/2017 23:30:00","NORTH",61755,20.79,-0.93,0.00
"03/04/2017 23:30:00","NPX",61845,24.35,1.70,-0.94
"03/04/2017 23:30:00","O H",61846,20.51,-1.33,-0.11
"03/04/2017 23:30:00","PJM",61847,22.75,0.61,-0.42
"03/04/2017 23:30:00","WEST",61752,20.88,-0.96,-0.11
"03/04/2017 23:35:00","CAPITL",61757,23.05,1.45,0.00
"03/04/2017 23:35:00","CENTRL",61754,21.92,0.32,0.00
"03/04/2017 23:35:00","DUNWOD",61760,23.95,2.35,0.00
"03/04/2017 23:35:00","GENESE",61753,21.17,-0.43,0.00
"03/04/2017 23:35:00","H Q",61844,20.86,-0.73,0.00
"03/04/2017 23:35:00","HUD VL",61758,23.97,2.38,0.00
"03/04/2017 23:35:00","LONGIL",61762,24.64,3.05,0.00
"03/04/2017 23:35:00","MHK VL",61756,22.44,0.84,0.00
"03/04/2017 23:35:00","MILLWD",61759,24.02,2.42,0.00
"03/04/2017 23:35:00","N.Y.C.",61761,24.17,2.57,0.00
"03/04/2017 23:35:00","NORTH",61755,20.60,-0.99,0.00
"03/04/2017 23:35:00","NPX",61845,23.24,1.64,0.00
"03/04/2017 23:35:00","O H",61846,20.50,-1.10,0.00
"03/04/2017 23:35:00","PJM",61847,22.33,0.73,0.00
"03/04/2017 23:35:00","WEST",61752,20.89,-0.71,0.00
"03/04/2017 23:40:00","CAPITL",61757,22.99,1.46,0.00
"03/04/2017 23:40:00","CENTRL",61754,21.85,0.32,0.00
"03/04/2017 23:40:00","DUNWOD",61760,23.89,2.37,0.00
"03/04/2017 23:40:00","GENESE",61753,21.12,-0.41,0.00
"03/04/2017 23:40:00","H Q",61844,20.79,-0.73,0.00
"03/04/2017 23:40:00","HUD VL",61758,23.89,2.37,0.00
"03/04/2017 23:40:00","LONGIL",61762,24.56,3.04,0.00
"03/04/2017 23:40:00","MHK VL",61756,22.36,0.84,0.00
"03/04/2017 23:40:00","MILLWD",61759,23.94,2.41,0.00
"03/04/2017 23:40:00","N.Y.C.",61761,24.11,2.58,0.00
"03/04/2017 23:40:00","NORTH",61755,20.51,-1.01,0.00
"03/04/2017 23:40:00","NPX",61845,23.18,1.66,0.00
"03/04/2017 23:40:00","O H",61846,20.45,-1.08,0.00
"03/04/2017 23:40:00","PJM",61847,22.26,0.73,0.00
"03/04/2017 23:40:00","WEST",61752,20.84,-0.69,0.00
"03/04/2017 23:45:00","CAPITL",61757,23.01,1.47,0.00
"03/04/2017 23:45:00","CENTRL",61754,21.87,0.32,0.00
"03/04/2017 23:45:00","DUNWOD",61760,23.89,2.35,0.00
"03/04/2017 23:45:00","GENESE",61753,21.11,-0.43,0.00
"03/04/2017 23:45:00","H Q",61844,20.81,-0.73,0.00
"03/04/2017 23:45:00","HUD VL",61758,23.89,2.35,0.00
"03/04/2017 23:45:00","LONGIL",61762,24.56,3.02,0.00
"03/04/2017 23:45:00","MHK VL",61756,22.38,0.84,0.00
"03/04/2017 23:45:00","MILLWD",61759,23.96,2.41,0.00
"03/04/2017 23:45:00","N.Y.C.",61761,24.11,2.56,0.00
"03/04/2017 23:45:00","NORTH",61755,20.53,-1.01,0.00
"03/04/2017 23:45:00","NPX",61845,23.20,1.66,0.00
"03/04/2017 23:45:00","O H",61846,20.47,-1.08,0.00
"03/04/2017 23:45:00","PJM",61847,22.28,0.73,0.00
"03/04/2017 23:45:00","WEST",61752,20.85,-0.69,0.00
"03/04/2017 23:50:00","CAPITL",61757,23.56,1.50,0.00
"03/04/2017 23:50:00","CENTRL",61754,22.43,0.37,0.00
"03/04/2017 23:50:00","DUNWOD",61760,24.42,2.36,0.00
"03/04/2017 23:50:00","GENESE",61753,21.64,-0.42,0.00
"03/04/2017 23:50:00","H Q",61844,21.31,-0.75,0.00
"03/04/2017 23:50:00","HUD VL",61758,24.44,2.38,0.00
"03/04/2017 23:50:00","LONGIL",61762,25.08,3.02,0.00
"03/04/2017 23:50:00","MHK VL",61756,22.92,0.86,0.00
"03/04/2017 23:50:00","MILLWD",61759,24.51,2.45,0.00
"03/04/2017 23:50:00","N.Y.C.",61761,24.62,2.56,0.00
"03/04/2017 23:50:00","NORTH",61755,21.02,-1.04,0.00
"03/04/2017 23:50:00","NPX",61845,23.76,1.70,0.00
"03/04/2017 23:50:00","O H",61846,122.25,-1.06,-101.25
"03/04/2017 23:50:00","PJM",61847,22.83,0.77,0.00
"03/04/2017 23:50:00","WEST",61752,21.40,-0.66,0.00
"03/04/2017 23:55:00","CAPITL",61757,23.58,1.50,0.00
"03/04/2017 23:55:00","CENTRL",61754,22.43,0.35,0.00
"03/04/2017 23:55:00","DUNWOD",61760,24.44,2.36,0.00
"03/04/2017 23:55:00","GENESE",61753,21.68,-0.40,0.00
"03/04/2017 23:55:00","H Q",61844,21.33,-0.75,0.00
"03/04/2017 23:55:00","HUD VL",61758,24.47,2.39,0.00
"03/04/2017 23:55:00","LONGIL",61762,25.11,3.03,0.00
"03/04/2017 23:55:00","MHK VL",61756,22.94,0.86,0.00
"03/04/2017 23:55:00","MILLWD",61759,24.53,2.45,0.00
"03/04/2017 23:55:00","N.Y.C.",61761,24.64,2.56,0.00
"03/04/2017 23:55:00","NORTH",61755,21.07,-1.02,0.00
"03/04/2017 23:55:00","NPX",61845,23.78,1.70,0.00
"03/04/2017 23:55:00","O H",61846,122.30,-1.04,-101.25
"03/04/2017 23:55:00","PJM",61847,22.85,0.77,0.00
"03/04/2017 23:55:00","WEST",61752,21.44,-0.64,0.00
"03/05/2017 00:00:00","CAPITL",61757,23.17,1.49,0.00
"03/05/2017 00:00:00","CENTRL",61754,21.98,0.30,0.00
"03/05/2017 00:00:00","DUNWOD",61760,24.02,2.34,0.00
"03/05/2017 00:00:00","GENESE",61753,21.29,-0.39,0.00
"03/05/2017 00:00:00","H Q",61844,20.94,-0.74,0.00
"03/05/2017 00:00:00","HUD VL",61758,24.04,2.36,0.00
"03/05/2017 00:00:00","LONGIL",61762,24.62,2.95,0.00
"03/05/2017 00:00:00","MHK VL",61756,22.52,0.84,0.00
"03/05/2017 00:00:00","MILLWD",61759,24.10,2.43,0.00
"03/05/2017 00:00:00","N.Y.C.",61761,24.21,2.53,0.00
"03/05/2017 00:00:00","NORTH",61755,20.68,-1.00,0.00
"03/05/2017 00:00:00","NPX",61845,23.37,1.69,0.00
"03/05/2017 00:00:00","O H",61846,121.89,-1.04,-101.25
"03/05/2017 00:00:00","PJM",61847,22.39,0.71,0.00
"03/05/2017 00:00:00","WEST",61752,21.05,-0.63,0.00
