"Time Stamp","Name","PTID","LBMP ($/MWHr)","Marginal Cost Losses ($/MWHr)","Marginal Cost Congestion ($/MWHr)"
"02/05/2021 00:05:00","CAPITL",61757,83.68,-0.14,-85.86
"02/05/2021 00:05:00","CENTRL",61754,8.52,0.02,-10.55
"02/05/2021 00:05:00","DUNWOD",61760,60.64,-0.13,-62.82
"02/05/2021 00:05:00","GENESE",61753,6.06,0.09,-8.02
"02/05/2021 00:05:00","H Q",61844,-2.01,0.03,0.00
"02/05/2021 00:05:00","HUD VL",61758,60.10,-0.12,-62.27
"02/05/2021 00:05:00","LONGIL",61762,99.90,-0.19,-102.14
"02/05/2021 00:05:00","MHK VL",61756,9.81,-0.06,-11.91
"02/05/2021 00:05:00","MILLWD",61759,61.36,-0.13,-63.54
"02/05/2021 00:05:00","N.Y.C.",61761,60.61,-0.15,-62.80
"02/05/2021 00:05:00","NORTH",61755,-2.05,0.00,0.00
"02/05/2021 00:05:00","NPX",61845,83.80,-0.12,-85.97
"02/05/2021 00:05:00","O H",61846,7.91,0.19,-9.77
"02/05/2021 00:05:00","PJM",61847,36.77,0.02,-38.79
"02/05/2021 00:05:00","WEST",61752,8.63,0.16,-10.51
"02/05/2021 00:10:00","CAPITL",61757,83.98,-0.40,-90.31
"02/05/2021 00:10:00","CENTRL",61754,5.26,0.04,-11.16
"02/05/2021 00:10:00","DUNWOD",61760,59.76,-0.39,-66.08
"02/05/2021 00:10:00","GENESE",61753,2.74,0.24,-8.43
"02/05/2021 00:10:00","H Q",61844,-5.83,0.10,0.00
"02/05/2021 00:10:00","HUD VL",61758,59.21,-0.35,-65.49
"02/05/2021 00:10:00","LONGIL",61762,100.33,-0.56,-106.82
"02/05/2021 00:10:00","MHK VL",61756,6.51,-0.18,-12.62
"02/05/2021 00:10:00","MILLWD",61759,60.52,-0.37,-66.83
"02/05/2021 00:10:00","N.Y.C.",61761,59.72,-0.41,-66.06
"02/05/2021 00:10:00","NORTH",61755,-5.91,0.02,0.00
"02/05/2021 00:10:00","NPX",61845,83.52,-0.36,-89.81
"02/05/2021 00:10:00","O H",61846,4.86,0.51,-10.28
"02/05/2021 00:10:00","PJM",61847,34.91,0.04,-40.81
"02/05/2021 00:10:00","WEST",61752,5.54,0.42,-11.05
"02/05/2021 00:15:00","CAPITL",61757,64.34,-0.47,-71.62
"02/05/2021 00:15:00","CENTRL",61754,2.07,0.03,-8.85
"02/05/2021 00:15:00","DUNWOD",61760,45.15,-0.44,-52.40
"02/05/2021 00:15:00","GENESE",61753,0.13,0.25,-6.68
"02/05/2021 00:15:00","H Q",61844,-6.69,0.12,0.00
"02/05/2021 00:15:00","HUD VL",61758,44.73,-0.39,-51.94
"02/05/2021 00:15:00","LONGIL",61762,64.83,-0.65,-72.29
"02/05/2021 00:15:00","MHK VL",61756,3.00,-0.20,-10.01
"02/05/2021 00:15:00","MILLWD",61759,45.76,-0.42,-52.99
"02/05/2021 00:15:00","N.Y.C.",61761,45.11,-0.47,-52.39
"02/05/2021 00:15:00","NORTH",61755,-6.77,0.04,0.00
"02/05/2021 00:15:00","NPX",61845,66.47,-0.42,-73.70
"02/05/2021 00:15:00","O H",61846,1.88,0.54,-8.15
"02/05/2021 00:15:00","PJM",61847,25.58,0.03,-32.36
"02/05/2021 00:15:00","WEST",61752,2.39,0.44,-8.76
"02/05/2021 00:20:00","CAPITL",61757,63.75,-0.51,-71.60
"02/05/2021 00:20:00","CENTRL",61754,1.53,0.03,-8.84
"02/05/2021 00:20:00","DUNWOD",61760,44.57,-0.47,-52.38
"02/05/2021 00:20:00","GENESE",61753,-0.39,0.26,-6.68
"02/05/2021 00:20:00","H Q",61844,-7.21,0.13,0.00
"02/05/2021 00:20:00","HUD VL",61758,44.16,-0.43,-51.92
"02/05/2021 00:20:00","LONGIL",61762,68.42,-0.70,-76.46
"02/05/2021 00:20:00","MHK VL",61756,2.45,-0.22,-10.01
"02/05/2021 00:20:00","MILLWD",61759,45.18,-0.46,-52.98
"02/05/2021 00:20:00","N.Y.C.",61761,44.53,-0.50,-52.37
"02/05/2021 00:20:00","NORTH",61755,-7.29,0.05,0.00
"02/05/2021 00:20:00","NPX",61845,53.93,-0.45,-61.72
"02/05/2021 00:20:00","O H",61846,1.38,0.57,-8.15
"02/05/2021 00:20:00","PJM",61847,25.04,0.03,-32.35
"02/05/2021 00:20:00","WEST",61752,1.88,0.46,-8.76
"02/05/2021 00:25:00","CAPITL",61757,63.76,-0.51,-71.63
"02/05/2021 00:25:00","CENTRL",61754,1.52,0.04,-8.84
"02/05/2021 00:25:00","DUNWOD",61760,44.57,-0.47,-52.41
"02/05/2021 00:25:00","GENESE",61753,-0.40,0.27,-6.69
"02/05/2021 00:25:00","H Q",61844,-7.23,0.13,0.00
"02/05/2021 00:25:00","HUD VL",61758,44.16,-0.42,-51.94
"02/05/2021 00:25:00","LONGIL",61762,102.26,-0.70,-110.32
"02/05/2021 00:25:00","MHK VL",61756,2.43,-0.21,-10.01
"02/05/2021 00:25:00","MILLWD",61759,45.19,-0.45,-53.00
"02/05/2021 00:25:00","N.Y.C.",61761,44.54,-0.49,-52.40
"02/05/2021 00:25:00","NORTH",61755,-7.32,0.04,0.00
"02/05/2021 00:25:00","NPX",61845,53.93,-0.45,-61.74
"02/05/2021 00:25:00","O H",61846,1.37,0.58,-8.15
"02/05/2021 00:25:00","PJM",61847,25.04,0.04,-32.36
"02/05/2021 00:25:00","WEST",61752,1.87,0.47,-8.76
"02/05/2021 00:30:00","CAPITL",61757,62.78,-0.48,-70.09
"02/05/2021 00:30:00","CENTRL",61754,1.86,0.04,-8.65
"02/05/2021 00:30:00","DUNWOD",61760,44.02,-0.42,-51.28
"02/05/2021 00:30:00","GENESE",61753,-0.03,0.26,-6.54
"02/05/2021 00:30:00","H Q",61844,-6.71,0.12,0.00
"02/05/2021 00:30:00","HUD VL",61758,43.61,-0.38,-50.83
"02/05/2021 00:30:00","LONGIL",61762,102.27,-0.64,-109.74
"02/05/2021 00:30:00","MHK VL",61756,2.76,-0.20,-9.79
"02/05/2021 00:30:00","MILLWD",61759,44.62,-0.41,-51.86
"02/05/2021 00:30:00","N.Y.C.",61761,43.98,-0.45,-51.27
"02/05/2021 00:30:00","NORTH",61755,-6.80,0.03,0.00
"02/05/2021 00:30:00","NPX",61845,53.16,-0.42,-60.42
"02/05/2021 00:30:00","O H",61846,1.70,0.56,-7.97
"02/05/2021 00:30:00","PJM",61847,24.88,0.05,-31.67
"02/05/2021 00:30:00","WEST",61752,2.20,0.46,-8.58
"02/05/2021 00:35:00","CAPITL",61757,53.53,-0.41,-59.75
"02/05/2021 00:35:00","CENTRL",61754,1.58,0.01,-7.38
"02/05/2021 00:35:00","DUNWOD",61760,37.54,-0.36,-43.72
"02/05/2021 00:35:00","GENESE",61753,-0.05,0.19,-5.58
"02/05/2021 00:35:00","H Q",61844,-5.71,0.10,0.00
"02/05/2021 00:35:00","HUD VL",61758,37.19,-0.33,-43.33
"02/05/2021 00:35:00","LONGIL",61762,68.44,-0.55,-74.80
"02/05/2021 00:35:00","MHK VL",61756,2.37,-0.17,-8.35
"02/05/2021 00:35:00","MILLWD",61759,38.05,-0.35,-44.21
"02/05/2021 00:35:00","N.Y.C.",61761,37.51,-0.38,-43.71
"02/05/2021 00:35:00","NORTH",61755,-5.78,0.03,0.00
"02/05/2021 00:35:00","NPX",61845,45.34,-0.35,-51.51
"02/05/2021 00:35:00","O H",61846,1.40,0.42,-6.80
"02/05/2021 00:35:00","PJM",61847,21.20,0.02,-27.00
"02/05/2021 00:35:00","WEST",61752,1.82,0.33,-7.31
"02/05/2021 00:40:00","CAPITL",61757,62.83,-0.48,-70.21
"02/05/2021 00:40:00","CENTRL",61754,1.79,0.02,-8.67
"02/05/2021 00:40:00","DUNWOD",61760,44.04,-0.43,-51.37
"02/05/2021 00:40:00","GENESE",61753,-0.11,0.23,-6.55
"02/05/2021 00:40:00","H Q",61844,-6.77,0.12,0.00
"02/05/2021 00:40:00","HUD VL",61758,43.63,-0.39,-50.91
"02/05/2021 00:40:00","LONGIL",61762,64.83,-0.64,-72.37
"02/05/2021 00:40:00","MHK VL",61756,2.71,-0.20,-9.81
"02/05/2021 00:40:00","MILLWD",61759,44.64,-0.41,-51.95
"02/05/2021 00:40:00","N.Y.C.",61761,44.00,-0.46,-51.36
"02/05/2021 00:40:00","NORTH",61755,-6.86,0.04,0.00
"02/05/2021 00:40:00","NPX",61845,53.20,-0.42,-60.52
"02/05/2021 00:40:00","O H",61846,1.61,0.52,-7.99
"02/05/2021 00:40:00","PJM",61847,24.85,0.03,-31.72
"02/05/2021 00:40:00","WEST",61752,2.10,0.41,-8.59
"02/05/2021 00:45:00","CAPITL",61757,40.36,2.68,0.00
"02/05/2021 00:45:00","CENTRL",61754,37.53,-0.15,0.00
"02/05/2021 00:45:00","DUNWOD",61760,40.06,2.38,0.00
"02/05/2021 00:45:00","GENESE",61753,36.36,-1.32,0.00
"02/05/2021 00:45:00","H Q",61844,37.01,-0.68,0.00
"02/05/2021 00:45:00","HUD VL",61758,39.79,2.11,0.00
"02/05/2021 00:45:00","LONGIL",61762,65.27,3.54,-24.04
"02/05/2021 00:45:00","MHK VL",61756,38.74,1.05,0.00
"02/05/2021 00:45:00","MILLWD",61759,39.94,2.26,0.00
"02/05/2021 00:45:00","N.Y.C.",61761,40.21,2.53,0.00
"02/05/2021 00:45:00","NORTH",61755,37.46,-0.22,0.00
"02/05/2021 00:45:00","NPX",61845,40.02,2.34,0.00
"02/05/2021 00:45:00","O H",61846,34.78,-2.90,0.00
"02/05/2021 00:45:00","PJM",61847,37.46,-0.22,0.00
"02/05/2021 00:45:00","WEST",61752,35.42,-2.26,0.00
"02/05/2021 00:50:00","CAPITL",61757,49.55,0.58,-40.82
"02/05/2021 00:50:00","CENTRL",61754,13.17,-0.02,-5.04
"02/05/2021 00:50:00","DUNWOD",61760,38.53,0.51,-29.86
"02/05/2021 00:50:00","GENESE",61753,11.65,-0.31,-3.81
"02/05/2021 00:50:00","H Q",61844,8.01,-0.15,0.00
"02/05/2021 00:50:00","HUD VL",61758,38.21,0.46,-29.60
"02/05/2021 00:50:00","LONGIL",61762,64.96,0.76,-56.05
"02/05/2021 00:50:00","MHK VL",61756,14.09,0.23,-5.70
"02/05/2021 00:50:00","MILLWD",61759,38.85,0.49,-30.20
"02/05/2021 00:50:00","N.Y.C.",61761,38.56,0.55,-29.86
"02/05/2021 00:50:00","NORTH",61755,8.11,-0.05,0.00
"02/05/2021 00:50:00","NPX",61845,50.51,0.51,-41.85
"02/05/2021 00:50:00","O H",61846,12.13,-0.67,-4.64
"02/05/2021 00:50:00","PJM",61847,26.54,-0.06,-18.44
"02/05/2021 00:50:00","WEST",61752,12.62,-0.53,-4.99
"02/05/2021 00:55:00","CAPITL",61757,42.56,0.93,-28.58
"02/05/2021 00:55:00","CENTRL",61754,16.54,-0.04,-3.53
"02/05/2021 00:55:00","DUNWOD",61760,34.77,0.81,-20.91
"02/05/2021 00:55:00","GENESE",61753,15.21,-0.51,-2.67
"02/05/2021 00:55:00","H Q",61844,12.82,-0.23,0.00
"02/05/2021 00:55:00","HUD VL",61758,34.51,0.73,-20.72
"02/05/2021 00:55:00","LONGIL",61762,65.02,1.21,-50.76
"02/05/2021 00:55:00","MHK VL",61756,17.41,0.36,-3.99
"02/05/2021 00:55:00","MILLWD",61759,34.98,0.78,-21.15
"02/05/2021 00:55:00","N.Y.C.",61761,34.83,0.87,-20.91
"02/05/2021 00:55:00","NORTH",61755,12.99,-0.06,0.00
"02/05/2021 00:55:00","NPX",61845,45.16,0.81,-31.30
"02/05/2021 00:55:00","O H",61846,15.19,-1.11,-3.25
"02/05/2021 00:55:00","PJM",61847,25.89,-0.08,-12.91
"02/05/2021 00:55:00","WEST",61752,15.67,-0.87,-3.50
"02/05/2021 01:00:00","CAPITL",61757,56.57,0.52,-48.89
"02/05/2021 01:00:00","CENTRL",61754,13.18,-0.02,-6.04
"02/05/2021 01:00:00","DUNWOD",61760,43.37,0.44,-35.77
"02/05/2021 01:00:00","GENESE",61753,11.45,-0.28,-4.56
"02/05/2021 01:00:00","H Q",61844,7.04,-0.12,0.00
"02/05/2021 01:00:00","HUD VL",61758,43.01,0.39,-35.45
"02/05/2021 01:00:00","LONGIL",61762,68.64,0.66,-60.81
"02/05/2021 01:00:00","MHK VL",61756,14.20,0.20,-6.83
"02/05/2021 01:00:00","MILLWD",61759,43.77,0.42,-36.18
"02/05/2021 01:00:00","N.Y.C.",61761,43.39,0.47,-35.76
"02/05/2021 01:00:00","NORTH",61755,7.14,-0.03,0.00
"02/05/2021 01:00:00","NPX",61845,56.41,0.44,-48.80
"02/05/2021 01:00:00","O H",61846,12.12,-0.61,-5.56
"02/05/2021 01:00:00","PJM",61847,29.21,-0.05,-22.09
"02/05/2021 01:00:00","WEST",61752,12.66,-0.49,-5.98
"02/05/2021 01:05:00","CAPITL",61757,48.74,0.60,-39.81
"02/05/2021 01:05:00","CENTRL",61754,13.22,-0.03,-4.92
"02/05/2021 01:05:00","DUNWOD",61760,37.97,0.51,-29.12
"02/05/2021 01:05:00","GENESE",61753,11.71,-0.34,-3.72
"02/05/2021 01:05:00","H Q",61844,8.20,-0.14,0.00
"02/05/2021 01:05:00","HUD VL",61758,37.66,0.46,-28.87
"02/05/2021 01:05:00","LONGIL",61762,102.37,0.78,-93.26
"02/05/2021 01:05:00","MHK VL",61756,14.12,0.23,-5.56
"02/05/2021 01:05:00","MILLWD",61759,38.28,0.49,-29.46
"02/05/2021 01:05:00","N.Y.C.",61761,38.00,0.54,-29.12
"02/05/2021 01:05:00","NORTH",61755,8.31,-0.02,0.00
"02/05/2021 01:05:00","NPX",61845,50.42,0.51,-41.57
"02/05/2021 01:05:00","O H",61846,12.13,-0.73,-4.53
"02/05/2021 01:05:00","PJM",61847,26.26,-0.07,-17.99
"02/05/2021 01:05:00","WEST",61752,12.62,-0.59,-4.87
"02/05/2021 01:10:00","CAPITL",61757,83.41,0.05,-82.67
"02/05/2021 01:10:00","CENTRL",61754,10.75,0.00,-10.06
"02/05/2021 01:10:00","DUNWOD",61760,61.25,0.04,-60.52
"02/05/2021 01:10:00","GENESE",61753,8.39,-0.03,-7.72
"02/05/2021 01:10:00","H Q",61844,0.68,-0.01,0.00
"02/05/2021 01:10:00","HUD VL",61758,60.72,0.04,-59.99
"02/05/2021 01:10:00","LONGIL",61762,102.31,0.06,-101.56
"02/05/2021 01:10:00","MHK VL",61756,12.43,0.02,-11.72
"02/05/2021 01:10:00","MILLWD",61759,61.93,0.04,-61.20
"02/05/2021 01:10:00","N.Y.C.",61761,61.24,0.04,-60.51
"02/05/2021 01:10:00","NORTH",61755,0.69,0.00,0.00
"02/05/2021 01:10:00","NPX",61845,79.29,0.04,-78.56
"02/05/2021 01:10:00","O H",61846,10.04,-0.06,-9.41
"02/05/2021 01:10:00","PJM",61847,38.06,-0.01,-37.37
"02/05/2021 01:10:00","WEST",61752,10.76,-0.05,-10.12
"02/05/2021 01:15:00","CAPITL",61757,50.86,0.38,-45.12
"02/05/2021 01:15:00","CENTRL",61754,10.84,-0.01,-5.49
"02/05/2021 01:15:00","DUNWOD",61760,38.71,0.32,-33.03
"02/05/2021 01:15:00","GENESE",61753,9.39,-0.19,-4.22
"02/05/2021 01:15:00","H Q",61844,5.27,-0.09,0.00
"02/05/2021 01:15:00","HUD VL",61758,38.39,0.28,-32.74
"02/05/2021 01:15:00","LONGIL",61762,68.62,0.49,-62.76
"02/05/2021 01:15:00","MHK VL",61756,11.91,0.15,-6.40
"02/05/2021 01:15:00","MILLWD",61759,39.07,0.31,-33.40
"02/05/2021 01:15:00","N.Y.C.",61761,38.72,0.34,-33.02
"02/05/2021 01:15:00","NORTH",61755,5.34,-0.02,0.00
"02/05/2021 01:15:00","NPX",61845,51.85,0.32,-46.17
"02/05/2021 01:15:00","O H",61846,10.08,-0.42,-5.14
"02/05/2021 01:15:00","PJM",61847,25.72,-0.04,-20.40
"02/05/2021 01:15:00","WEST",61752,10.55,-0.33,-5.52
"02/05/2021 01:20:00","CAPITL",61757,83.89,-0.42,-90.27
"02/05/2021 01:20:00","CENTRL",61754,5.05,0.02,-10.99
"02/05/2021 01:20:00","DUNWOD",61760,59.77,-0.36,-66.08
"02/05/2021 01:20:00","GENESE",61753,2.69,0.21,-8.43
"02/05/2021 01:20:00","H Q",61844,-5.86,0.10,0.00
"02/05/2021 01:20:00","HUD VL",61758,59.23,-0.32,-65.51
"02/05/2021 01:20:00","LONGIL",61762,64.83,-0.54,-71.33
"02/05/2021 01:20:00","MHK VL",61756,6.67,-0.17,-12.80
"02/05/2021 01:20:00","MILLWD",61759,60.52,-0.35,-66.83
"02/05/2021 01:20:00","N.Y.C.",61761,59.74,-0.38,-66.07
"02/05/2021 01:20:00","NORTH",61755,-5.94,0.02,0.00
"02/05/2021 01:20:00","NPX",61845,85.53,-0.36,-91.85
"02/05/2021 01:20:00","O H",61846,4.78,0.46,-10.28
"02/05/2021 01:20:00","PJM",61847,34.90,0.05,-40.81
"02/05/2021 01:20:00","WEST",61752,5.46,0.38,-11.05
"02/05/2021 01:25:00","CAPITL",61757,83.90,-0.42,-90.26
"02/05/2021 01:25:00","CENTRL",61754,5.06,0.02,-10.98
"02/05/2021 01:25:00","DUNWOD",61760,59.79,-0.34,-66.07
"02/05/2021 01:25:00","GENESE",61753,2.70,0.21,-8.43
"02/05/2021 01:25:00","H Q",61844,-5.84,0.10,0.00
"02/05/2021 01:25:00","HUD VL",61758,59.24,-0.31,-65.50
"02/05/2021 01:25:00","LONGIL",61762,64.82,-0.54,-71.30
"02/05/2021 01:25:00","MHK VL",61756,6.70,-0.16,-12.80
"02/05/2021 01:25:00","MILLWD",61759,60.53,-0.34,-66.82
"02/05/2021 01:25:00","N.Y.C.",61761,59.75,-0.37,-66.06
"02/05/2021 01:25:00","NORTH",61755,-5.92,0.02,0.00
"02/05/2021 01:25:00","NPX",61845,85.54,-0.36,-91.84
"02/05/2021 01:25:00","O H",61846,4.80,0.46,-10.28
"02/05/2021 01:25:00","PJM",61847,34.91,0.05,-40.80
"02/05/2021 01:25:00","WEST",61752,5.48,0.37,-11.05
"02/05/2021 01:30:00","CAPITL",61757,84.04,-0.74,-95.19
"02/05/2021 01:30:00","CENTRL",61754,1.24,0.06,-11.58
"02/05/2021 01:30:00","DUNWOD",61760,58.67,-0.60,-69.68
"02/05/2021 01:30:00","GENESE",61753,-1.10,0.42,-8.89
"02/05/2021 01:30:00","H Q",61844,-10.23,0.18,0.00
"02/05/2021 01:30:00","HUD VL",61758,58.12,-0.55,-69.08
"02/05/2021 01:30:00","LONGIL",61762,64.78,-0.94,-76.12
"02/05/2021 01:30:00","MHK VL",61756,2.82,-0.27,-13.50
"02/05/2021 01:30:00","MILLWD",61759,59.48,-0.58,-70.47
"02/05/2021 01:30:00","N.Y.C.",61761,58.63,-0.63,-69.67
"02/05/2021 01:30:00","NORTH",61755,-10.37,0.04,0.00
"02/05/2021 01:30:00","NPX",61845,85.06,-0.62,-96.09
"02/05/2021 01:30:00","O H",61846,1.30,0.87,-10.84
"02/05/2021 01:30:00","PJM",61847,32.72,0.09,-43.03
"02/05/2021 01:30:00","WEST",61752,1.95,0.71,-11.65
"02/05/2021 01:35:00","CAPITL",61757,53.76,-0.49,-61.08
"02/05/2021 01:35:00","CENTRL",61754,0.62,0.02,-7.43
"02/05/2021 01:35:00","DUNWOD",61760,37.48,-0.40,-44.71
"02/05/2021 01:35:00","GENESE",61753,-0.89,0.23,-5.71
"02/05/2021 01:35:00","H Q",61844,-6.72,0.12,0.00
"02/05/2021 01:35:00","HUD VL",61758,37.13,-0.36,-44.33
"02/05/2021 01:35:00","LONGIL",61762,64.82,-0.62,-72.27
"02/05/2021 01:35:00","MHK VL",61756,1.64,-0.18,-8.66
"02/05/2021 01:35:00","MILLWD",61759,37.99,-0.39,-45.22
"02/05/2021 01:35:00","N.Y.C.",61761,37.45,-0.42,-44.71
"02/05/2021 01:35:00","NORTH",61755,-6.81,0.03,0.00
"02/05/2021 01:35:00","NPX",61845,55.30,-0.41,-62.54
"02/05/2021 01:35:00","O H",61846,0.63,0.51,-6.95
"02/05/2021 01:35:00","PJM",61847,20.82,0.04,-27.61
"02/05/2021 01:35:00","WEST",61752,1.03,0.39,-7.47
"02/05/2021 01:40:00","CAPITL",61757,61.48,-0.50,-68.97
"02/05/2021 01:40:00","CENTRL",61754,1.44,0.03,-8.39
"02/05/2021 01:40:00","DUNWOD",61760,43.10,-0.40,-50.49
"02/05/2021 01:40:00","GENESE",61753,-0.30,0.24,-6.44
"02/05/2021 01:40:00","H Q",61844,-6.87,0.12,0.00
"02/05/2021 01:40:00","HUD VL",61758,42.69,-0.37,-50.05
"02/05/2021 01:40:00","LONGIL",61762,64.81,-0.63,-72.43
"02/05/2021 01:40:00","MHK VL",61756,2.61,-0.19,-9.78
"02/05/2021 01:40:00","MILLWD",61759,43.67,-0.40,-51.05
"02/05/2021 01:40:00","N.Y.C.",61761,43.06,-0.43,-50.48
"02/05/2021 01:40:00","NORTH",61755,-6.96,0.03,0.00
"02/05/2021 01:40:00","NPX",61845,61.94,-0.42,-69.34
"02/05/2021 01:40:00","O H",61846,1.38,0.52,-7.85
"02/05/2021 01:40:00","PJM",61847,24.24,0.04,-31.18
"02/05/2021 01:40:00","WEST",61752,1.86,0.41,-8.44
"02/05/2021 01:45:00","CAPITL",61757,61.73,-0.49,-69.15
"02/05/2021 01:45:00","CENTRL",61754,1.52,0.03,-8.41
"02/05/2021 01:45:00","DUNWOD",61760,43.29,-0.40,-50.62
"02/05/2021 01:45:00","GENESE",61753,-0.20,0.27,-6.46
"02/05/2021 01:45:00","H Q",61844,-6.81,0.11,0.00
"02/05/2021 01:45:00","HUD VL",61758,42.88,-0.37,-50.18
"02/05/2021 01:45:00","LONGIL",61762,64.82,-0.62,-72.36
"02/05/2021 01:45:00","MHK VL",61756,2.69,-0.19,-9.81
"02/05/2021 01:45:00","MILLWD",61759,43.87,-0.39,-51.19
"02/05/2021 01:45:00","N.Y.C.",61761,43.25,-0.43,-50.61
"02/05/2021 01:45:00","NORTH",61755,-6.90,0.03,0.00
"02/05/2021 01:45:00","NPX",61845,62.16,-0.42,-69.50
"02/05/2021 01:45:00","O H",61846,1.51,0.56,-7.87
"02/05/2021 01:45:00","PJM",61847,24.40,0.06,-31.26
"02/05/2021 01:45:00","WEST",61752,1.99,0.45,-8.46
"02/05/2021 01:50:00","CAPITL",61757,83.93,-0.42,-90.24
"02/05/2021 01:50:00","CENTRL",61754,5.13,0.04,-10.98
"02/05/2021 01:50:00","DUNWOD",61760,59.82,-0.34,-66.06
"02/05/2021 01:50:00","GENESE",61753,2.78,0.24,-8.43
"02/05/2021 01:50:00","H Q",61844,-5.80,0.09,0.00
"02/05/2021 01:50:00","HUD VL",61758,59.28,-0.31,-65.48
"02/05/2021 01:50:00","LONGIL",61762,64.83,-0.52,-71.24
"02/05/2021 01:50:00","MHK VL",61756,6.75,-0.15,-12.80
"02/05/2021 01:50:00","MILLWD",61759,60.57,-0.34,-66.80
"02/05/2021 01:50:00","N.Y.C.",61761,59.79,-0.36,-66.04
"02/05/2021 01:50:00","NORTH",61755,-5.87,0.02,0.00
"02/05/2021 01:50:00","NPX",61845,83.92,-0.35,-90.16
"02/05/2021 01:50:00","O H",61846,4.87,0.49,-10.27
"02/05/2021 01:50:00","PJM",61847,34.96,0.06,-40.79
"02/05/2021 01:50:00","WEST",61752,5.55,0.40,-11.04
"02/05/2021 01:55:00","CAPITL",61757,83.89,-0.42,-90.20
"02/05/2021 01:55:00","CENTRL",61754,5.12,0.04,-10.98
"02/05/2021 01:55:00","DUNWOD",61760,59.79,-0.34,-66.03
"02/05/2021 01:55:00","GENESE",61753,2.77,0.23,-8.43
"02/05/2021 01:55:00","H Q",61844,-5.79,0.10,0.00
"02/05/2021 01:55:00","HUD VL",61758,59.25,-0.31,-65.45
"02/05/2021 01:55:00","LONGIL",61762,64.83,-0.52,-71.24
"02/05/2021 01:55:00","MHK VL",61756,6.75,-0.15,-12.79
"02/05/2021 01:55:00","MILLWD",61759,60.54,-0.34,-66.77
"02/05/2021 01:55:00","N.Y.C.",61761,59.76,-0.36,-66.02
"02/05/2021 01:55:00","NORTH",61755,-5.87,0.02,0.00
"02/05/2021 01:55:00","NPX",61845,83.88,-0.36,-90.13
"02/05/2021 01:55:00","O H",61846,4.86,0.48,-10.27
"02/05/2021 01:55:00","PJM",61847,34.94,0.06,-40.78
"02/05/2021 01:55:00","WEST",61752,5.54,0.39,-11.04
"02/05/2021 02:00:00","CAPITL",61757,83.92,-0.41,-90.21
"02/05/2021 02:00:00","CENTRL",61754,5.14,0.04,-10.98
"02/05/2021 02:00:00","DUNWOD",61760,59.82,-0.34,-66.04
"02/05/2021 02:00:00","GENESE",61753,2.79,0.24,-8.43
"02/05/2021 02:00:00","H Q",61844,-5.78,0.09,0.00
"02/05/2021 02:00:00","HUD VL",61758,59.27,-0.31,-65.46
"02/05/2021 02:00:00","LONGIL",61762,64.83,-0.53,-71.23
"02/05/2021 02:00:00","MHK VL",61756,6.76,-0.15,-12.79
"02/05/2021 02:00:00","MILLWD",61759,60.56,-0.33,-66.78
"02/05/2021 02:00:00","N.Y.C.",61761,59.79,-0.36,-66.02
"02/05/2021 02:00:00","NORTH",61755,-5.86,0.02,0.00
"02/05/2021 02:00:00","NPX",61845,83.91,-0.35,-90.14
"02/05/2021 02:00:00","O H",61846,4.89,0.50,-10.27
"02/05/2021 02:00:00","PJM",61847,34.97,0.06,-40.78
"02/05/2021 02:00:00","WEST",61752,5.57,0.41,-11.04
"02/05/2021 02:05:00","CAPITL",61757,62.83,-0.49,-70.19
"02/05/2021 02:05:00","CENTRL",61754,1.73,0.06,-8.54
"02/05/2021 02:05:00","DUNWOD",61760,44.10,-0.41,-51.38
"02/05/2021 02:05:00","GENESE",61753,-0.02,0.29,-6.56
"02/05/2021 02:05:00","H Q",61844,-6.76,0.11,0.00
"02/05/2021 02:05:00","HUD VL",61758,43.70,-0.36,-50.93
"02/05/2021 02:05:00","LONGIL",61762,64.81,-0.62,-72.30
"02/05/2021 02:05:00","MHK VL",61756,2.91,-0.18,-9.95
"02/05/2021 02:05:00","MILLWD",61759,44.70,-0.39,-51.96
"02/05/2021 02:05:00","N.Y.C.",61761,44.08,-0.42,-51.37
"02/05/2021 02:05:00","NORTH",61755,-6.84,0.03,0.00
"02/05/2021 02:05:00","NPX",61845,53.24,-0.43,-60.54
"02/05/2021 02:05:00","O H",61846,1.71,0.59,-7.99
"02/05/2021 02:05:00","PJM",61847,24.94,0.08,-31.73
"02/05/2021 02:05:00","WEST",61752,2.21,0.49,-8.59
"02/05/2021 02:10:00","CAPITL",61757,62.81,-0.49,-70.17
"02/05/2021 02:10:00","CENTRL",61754,1.71,0.05,-8.53
"02/05/2021 02:10:00","DUNWOD",61760,44.11,-0.39,-51.37
"02/05/2021 02:10:00","GENESE",61753,-0.04,0.28,-6.56
"02/05/2021 02:10:00","H Q",61844,-6.76,0.11,0.00
"02/05/2021 02:10:00","HUD VL",61758,43.70,-0.36,-50.92
"02/05/2021 02:10:00","LONGIL",61762,64.82,-0.60,-72.30
"02/05/2021 02:10:00","MHK VL",61756,2.90,-0.17,-9.95
"02/05/2021 02:10:00","MILLWD",61759,44.70,-0.38,-51.96
"02/05/2021 02:10:00","N.Y.C.",61761,44.09,-0.41,-51.36
"02/05/2021 02:10:00","NORTH",61755,-6.84,0.03,0.00
"02/05/2021 02:10:00","NPX",61845,53.24,-0.42,-60.53
"02/05/2021 02:10:00","O H",61846,1.69,0.57,-7.99
"02/05/2021 02:10:00","PJM",61847,24.93,0.08,-31.73
"02/05/2021 02:10:00","WEST",61752,2.18,0.47,-8.58
"02/05/2021 02:15:00","CAPITL",61757,83.93,-0.42,-90.26
"02/05/2021 02:15:00","CENTRL",61754,5.10,0.04,-10.98
"02/05/2021 02:15:00","DUNWOD",61760,59.83,-0.34,-66.08
"02/05/2021 02:15:00","GENESE",61753,2.76,0.24,-8.43
"02/05/2021 02:15:00","H Q",61844,-5.81,0.10,0.00
"02/05/2021 02:15:00","HUD VL",61758,59.28,-0.31,-65.50
"02/05/2021 02:15:00","LONGIL",61762,64.83,-0.52,-71.26
"02/05/2021 02:15:00","MHK VL",61756,6.73,-0.15,-12.79
"02/05/2021 02:15:00","MILLWD",61759,60.58,-0.34,-66.83
"02/05/2021 02:15:00","N.Y.C.",61761,59.80,-0.35,-66.07
"02/05/2021 02:15:00","NORTH",61755,-5.88,0.04,0.00
"02/05/2021 02:15:00","NPX",61845,71.58,-0.37,-77.85
"02/05/2021 02:15:00","O H",61846,4.85,0.48,-10.28
"02/05/2021 02:15:00","PJM",61847,34.96,0.06,-40.81
"02/05/2021 02:15:00","WEST",61752,5.53,0.40,-11.04
"02/05/2021 02:20:00","CAPITL",61757,61.06,-0.50,-68.53
"02/05/2021 02:20:00","CENTRL",61754,1.39,0.03,-8.33
"02/05/2021 02:20:00","DUNWOD",61760,42.79,-0.40,-50.17
"02/05/2021 02:20:00","GENESE",61753,-0.31,0.27,-6.40
"02/05/2021 02:20:00","H Q",61844,-6.86,0.12,0.00
"02/05/2021 02:20:00","HUD VL",61758,42.38,-0.38,-49.73
"02/05/2021 02:20:00","LONGIL",61762,64.81,-0.62,-72.41
"02/05/2021 02:20:00","MHK VL",61756,2.56,-0.18,-9.71
"02/05/2021 02:20:00","MILLWD",61759,43.37,-0.40,-50.74
"02/05/2021 02:20:00","N.Y.C.",61761,42.77,-0.42,-50.16
"02/05/2021 02:20:00","NORTH",61755,-6.93,0.04,0.00
"02/05/2021 02:20:00","NPX",61845,51.70,-0.43,-59.11
"02/05/2021 02:20:00","O H",61846,1.38,0.55,-7.80
"02/05/2021 02:20:00","PJM",61847,24.07,0.06,-30.98
"02/05/2021 02:20:00","WEST",61752,1.86,0.45,-8.38
"02/05/2021 02:25:00","CAPITL",61757,62.84,-0.50,-70.24
"02/05/2021 02:25:00","CENTRL",61754,1.67,0.03,-8.54
"02/05/2021 02:25:00","DUNWOD",61760,44.12,-0.40,-51.42
"02/05/2021 02:25:00","GENESE",61753,-0.09,0.25,-6.56
"02/05/2021 02:25:00","H Q",61844,-6.78,0.12,0.00
"02/05/2021 02:25:00","HUD VL",61758,43.70,-0.37,-50.97
"02/05/2021 02:25:00","LONGIL",61762,64.81,-0.61,-72.32
"02/05/2021 02:25:00","MHK VL",61756,2.87,-0.18,-9.95
"02/05/2021 02:25:00","MILLWD",61759,44.71,-0.39,-52.00
"02/05/2021 02:25:00","N.Y.C.",61761,44.09,-0.41,-51.41
"02/05/2021 02:25:00","NORTH",61755,-6.85,0.05,0.00
"02/05/2021 02:25:00","NPX",61845,53.25,-0.43,-60.58
"02/05/2021 02:25:00","O H",61846,1.63,0.53,-8.00
"02/05/2021 02:25:00","PJM",61847,24.91,0.06,-31.75
"02/05/2021 02:25:00","WEST",61752,2.12,0.43,-8.59
"02/05/2021 02:30:00","CAPITL",61757,64.24,-0.48,-71.52
"02/05/2021 02:30:00","CENTRL",61754,1.94,0.03,-8.70
"02/05/2021 02:30:00","DUNWOD",61760,45.17,-0.39,-52.36
"02/05/2021 02:30:00","GENESE",61753,0.16,0.27,-6.68
"02/05/2021 02:30:00","H Q",61844,-6.68,0.12,0.00
"02/05/2021 02:30:00","HUD VL",61758,44.75,-0.36,-51.90
"02/05/2021 02:30:00","LONGIL",61762,102.26,-0.60,-109.66
"02/05/2021 02:30:00","MHK VL",61756,3.17,-0.18,-10.14
"02/05/2021 02:30:00","MILLWD",61759,45.78,-0.38,-52.95
"02/05/2021 02:30:00","N.Y.C.",61761,45.15,-0.41,-52.35
"02/05/2021 02:30:00","NORTH",61755,-6.75,0.04,0.00
"02/05/2021 02:30:00","NPX",61845,54.47,-0.42,-61.69
"02/05/2021 02:30:00","O H",61846,1.91,0.56,-8.14
"02/05/2021 02:30:00","PJM",61847,25.60,0.06,-32.33
"02/05/2021 02:30:00","WEST",61752,2.40,0.45,-8.75
"02/05/2021 02:35:00","CAPITL",61757,83.91,-0.42,-90.22
"02/05/2021 02:35:00","CENTRL",61754,5.13,0.04,-10.97
"02/05/2021 02:35:00","DUNWOD",61760,59.82,-0.34,-66.05
"02/05/2021 02:35:00","GENESE",61753,2.79,0.24,-8.43
"02/05/2021 02:35:00","H Q",61844,-5.78,0.10,0.00
"02/05/2021 02:35:00","HUD VL",61758,59.27,-0.31,-65.47
"02/05/2021 02:35:00","LONGIL",61762,102.27,-0.52,-108.68
"02/05/2021 02:35:00","MHK VL",61756,6.75,-0.15,-12.79
"02/05/2021 02:35:00","MILLWD",61759,60.58,-0.34,-66.80
"02/05/2021 02:35:00","N.Y.C.",61761,59.80,-0.35,-66.03
"02/05/2021 02:35:00","NORTH",61755,-5.85,0.04,0.00
"02/05/2021 02:35:00","NPX",61845,71.81,-0.36,-78.06
"02/05/2021 02:35:00","O H",61846,4.89,0.50,-10.27
"02/05/2021 02:35:00","PJM",61847,34.97,0.06,-40.79
"02/05/2021 02:35:00","WEST",61752,5.57,0.42,-11.03
"02/05/2021 02:40:00","CAPITL",61757,83.93,-0.42,-90.24
"02/05/2021 02:40:00","CENTRL",61754,5.11,0.03,-10.98
"02/05/2021 02:40:00","DUNWOD",61760,59.84,-0.34,-66.07
"02/05/2021 02:40:00","GENESE",61753,2.76,0.22,-8.43
"02/05/2021 02:40:00","H Q",61844,-5.79,0.10,0.00
"02/05/2021 02:40:00","HUD VL",61758,59.29,-0.31,-65.49
"02/05/2021 02:40:00","LONGIL",61762,68.44,-0.52,-74.85
"02/05/2021 02:40:00","MHK VL",61756,6.74,-0.15,-12.79
"02/05/2021 02:40:00","MILLWD",61759,60.59,-0.33,-66.81
"02/05/2021 02:40:00","N.Y.C.",61761,59.82,-0.34,-66.05
"02/05/2021 02:40:00","NORTH",61755,-5.85,0.05,0.00
"02/05/2021 02:40:00","NPX",61845,71.82,-0.37,-78.08
"02/05/2021 02:40:00","O H",61846,4.86,0.48,-10.27
"02/05/2021 02:40:00","PJM",61847,34.96,0.06,-40.80
"02/05/2021 02:40:00","WEST",61752,5.53,0.39,-11.04
"02/05/2021 02:45:00","CAPITL",61757,62.79,-0.49,-70.07
"02/05/2021 02:45:00","CENTRL",61754,1.78,0.05,-8.52
"02/05/2021 02:45:00","DUNWOD",61760,44.10,-0.40,-51.30
"02/05/2021 02:45:00","GENESE",61753,0.03,0.28,-6.55
"02/05/2021 02:45:00","H Q",61844,-6.68,0.12,0.00
"02/05/2021 02:45:00","HUD VL",61758,43.69,-0.37,-50.85
"02/05/2021 02:45:00","LONGIL",61762,56.83,-0.61,-64.23
"02/05/2021 02:45:00","MHK VL",61756,2.97,-0.17,-9.93
"02/05/2021 02:45:00","MILLWD",61759,44.69,-0.39,-51.88
"02/05/2021 02:45:00","N.Y.C.",61761,44.08,-0.41,-51.29
"02/05/2021 02:45:00","NORTH",61755,-6.74,0.05,0.00
"02/05/2021 02:45:00","NPX",61845,53.46,-0.43,-60.68
"02/05/2021 02:45:00","O H",61846,1.76,0.58,-7.98
"02/05/2021 02:45:00","PJM",61847,24.95,0.07,-31.68
"02/05/2021 02:45:00","WEST",61752,2.26,0.48,-8.57
"02/05/2021 02:50:00","CAPITL",61757,60.98,-0.49,-68.42
"02/05/2021 02:50:00","CENTRL",61754,1.41,0.03,-8.32
"02/05/2021 02:50:00","DUNWOD",61760,42.72,-0.42,-50.09
"02/05/2021 02:50:00","GENESE",61753,-0.30,0.26,-6.39
"02/05/2021 02:50:00","H Q",61844,-6.83,0.12,0.00
"02/05/2021 02:50:00","HUD VL",61758,42.32,-0.38,-49.65
"02/05/2021 02:50:00","LONGIL",61762,62.23,-0.63,-69.80
"02/05/2021 02:50:00","MHK VL",61756,2.57,-0.18,-9.70
"02/05/2021 02:50:00","MILLWD",61759,43.30,-0.41,-50.65
"02/05/2021 02:50:00","N.Y.C.",61761,42.70,-0.43,-50.08
"02/05/2021 02:50:00","NORTH",61755,-6.89,0.06,0.00
"02/05/2021 02:50:00","NPX",61845,55.30,-0.44,-62.69
"02/05/2021 02:50:00","O H",61846,1.38,0.53,-7.79
"02/05/2021 02:50:00","PJM",61847,24.03,0.05,-30.93
"02/05/2021 02:50:00","WEST",61752,1.86,0.44,-8.37
"02/05/2021 02:55:00","CAPITL",61757,60.92,-0.50,-68.37
"02/05/2021 02:55:00","CENTRL",61754,1.41,0.04,-8.32
"02/05/2021 02:55:00","DUNWOD",61760,42.69,-0.42,-50.06
"02/05/2021 02:55:00","GENESE",61753,-0.29,0.26,-6.39
"02/05/2021 02:55:00","H Q",61844,-6.83,0.12,0.00
"02/05/2021 02:55:00","HUD VL",61758,42.29,-0.38,-49.62
"02/05/2021 02:55:00","LONGIL",61762,62.23,-0.63,-69.81
"02/05/2021 02:55:00","MHK VL",61756,2.57,-0.17,-9.69
"02/05/2021 02:55:00","MILLWD",61759,43.26,-0.41,-50.62
"02/05/2021 02:55:00","N.Y.C.",61761,42.67,-0.43,-50.04
"02/05/2021 02:55:00","NORTH",61755,-6.90,0.05,0.00
"02/05/2021 02:55:00","NPX",61845,55.26,-0.45,-62.65
"02/05/2021 02:55:00","O H",61846,1.38,0.54,-7.78
"02/05/2021 02:55:00","PJM",61847,24.02,0.06,-30.91
"02/05/2021 02:55:00","WEST",61752,1.86,0.44,-8.36
"02/05/2021 03:00:00","CAPITL",61757,62.83,-0.49,-70.19
"02/05/2021 03:00:00","CENTRL",61754,1.71,0.04,-8.54
"02/05/2021 03:00:00","DUNWOD",61760,44.11,-0.41,-51.39
"02/05/2021 03:00:00","GENESE",61753,-0.03,0.27,-6.56
"02/05/2021 03:00:00","H Q",61844,-6.75,0.12,0.00
"02/05/2021 03:00:00","HUD VL",61758,43.70,-0.37,-50.94
"02/05/2021 03:00:00","LONGIL",61762,56.82,-0.62,-64.31
"02/05/2021 03:00:00","MHK VL",61756,2.91,-0.17,-9.95
"02/05/2021 03:00:00","MILLWD",61759,44.70,-0.40,-51.97
"02/05/2021 03:00:00","N.Y.C.",61761,44.09,-0.42,-51.38
"02/05/2021 03:00:00","NORTH",61755,-6.83,0.04,0.00
"02/05/2021 03:00:00","NPX",61845,56.92,-0.43,-64.22
"02/05/2021 03:00:00","O H",61846,1.69,0.57,-7.99
"02/05/2021 03:00:00","PJM",61847,24.92,0.06,-31.73
"02/05/2021 03:00:00","WEST",61752,2.18,0.47,-8.59
"02/05/2021 03:05:00","CAPITL",61757,62.85,-0.50,-70.27
"02/05/2021 03:05:00","CENTRL",61754,1.67,0.03,-8.55
"02/05/2021 03:05:00","DUNWOD",61760,44.12,-0.41,-51.44
"02/05/2021 03:05:00","GENESE",61753,-0.08,0.27,-6.57
"02/05/2021 03:05:00","H Q",61844,-6.80,0.11,0.00
"02/05/2021 03:05:00","HUD VL",61758,43.70,-0.37,-50.99
"02/05/2021 03:05:00","LONGIL",61762,56.83,-0.62,-64.36
"02/05/2021 03:05:00","MHK VL",61756,2.87,-0.17,-9.96
"02/05/2021 03:05:00","MILLWD",61759,44.71,-0.40,-52.02
"02/05/2021 03:05:00","N.Y.C.",61761,44.10,-0.42,-51.43
"02/05/2021 03:05:00","NORTH",61755,-6.87,0.04,0.00
"02/05/2021 03:05:00","NPX",61845,58.62,-0.44,-65.97
"02/05/2021 03:05:00","O H",61846,1.64,0.56,-8.00
"02/05/2021 03:05:00","PJM",61847,24.90,0.05,-31.77
"02/05/2021 03:05:00","WEST",61752,2.14,0.46,-8.59
"02/05/2021 03:10:00","CAPITL",61757,63.51,-0.49,-70.87
"02/05/2021 03:10:00","CENTRL",61754,1.82,0.03,-8.65
"02/05/2021 03:10:00","DUNWOD",61760,44.62,-0.40,-51.89
"02/05/2021 03:10:00","GENESE",61753,0.03,0.27,-6.62
"02/05/2021 03:10:00","H Q",61844,-6.75,0.11,0.00
"02/05/2021 03:10:00","HUD VL",61758,44.21,-0.37,-51.45
"02/05/2021 03:10:00","LONGIL",61762,56.83,-0.61,-64.30
"02/05/2021 03:10:00","MHK VL",61756,3.03,-0.17,-10.07
"02/05/2021 03:10:00","MILLWD",61759,45.22,-0.40,-52.48
"02/05/2021 03:10:00","N.Y.C.",61761,44.60,-0.41,-51.88
"02/05/2021 03:10:00","NORTH",61755,-6.82,0.04,0.00
"02/05/2021 03:10:00","NPX",61845,59.20,-0.43,-66.50
"02/05/2021 03:10:00","O H",61846,1.77,0.56,-8.07
"02/05/2021 03:10:00","PJM",61847,25.23,0.05,-32.04
"02/05/2021 03:10:00","WEST",61752,2.26,0.45,-8.67
"02/05/2021 03:15:00","CAPITL",61757,66.03,-0.48,-73.20
"02/05/2021 03:15:00","CENTRL",61754,2.29,0.04,-8.94
"02/05/2021 03:15:00","DUNWOD",61760,46.51,-0.39,-53.59
"02/05/2021 03:15:00","GENESE",61753,0.42,0.27,-6.84
"02/05/2021 03:15:00","H Q",61844,-6.58,0.11,0.00
"02/05/2021 03:15:00","HUD VL",61758,46.09,-0.35,-53.14
"02/05/2021 03:15:00","LONGIL",61762,56.83,-0.59,-64.11
"02/05/2021 03:15:00","MHK VL",61756,3.54,-0.17,-10.40
"02/05/2021 03:15:00","MILLWD",61759,47.14,-0.38,-54.21
"02/05/2021 03:15:00","N.Y.C.",61761,46.50,-0.39,-53.59
"02/05/2021 03:15:00","NORTH",61755,-6.65,0.04,0.00
"02/05/2021 03:15:00","NPX",61845,61.40,-0.42,-68.51
"02/05/2021 03:15:00","O H",61846,2.20,0.56,-8.33
"02/05/2021 03:15:00","PJM",61847,26.46,0.05,-33.10
"02/05/2021 03:15:00","WEST",61752,2.72,0.46,-8.95
"02/05/2021 03:20:00","CAPITL",61757,63.45,-0.48,-70.71
"02/05/2021 03:20:00","CENTRL",61754,1.91,0.05,-8.63
"02/05/2021 03:20:00","DUNWOD",61760,44.61,-0.39,-51.77
"02/05/2021 03:20:00","GENESE",61753,0.13,0.30,-6.61
"02/05/2021 03:20:00","H Q",61844,-6.68,0.10,0.00
"02/05/2021 03:20:00","HUD VL",61758,44.20,-0.35,-51.33
"02/05/2021 03:20:00","LONGIL",61762,56.83,-0.59,-64.20
"02/05/2021 03:20:00","MHK VL",61756,3.10,-0.17,-10.05
"02/05/2021 03:20:00","MILLWD",61759,45.21,-0.38,-52.37
"02/05/2021 03:20:00","N.Y.C.",61761,44.59,-0.39,-51.77
"02/05/2021 03:20:00","NORTH",61755,-6.76,0.02,0.00
"02/05/2021 03:20:00","NPX",61845,59.48,-0.42,-66.68
"02/05/2021 03:20:00","O H",61846,1.87,0.60,-8.05
"02/05/2021 03:20:00","PJM",61847,25.27,0.08,-31.97
"02/05/2021 03:20:00","WEST",61752,2.36,0.49,-8.65
"02/05/2021 03:25:00","CAPITL",61757,65.42,-0.47,-72.58
"02/05/2021 03:25:00","CENTRL",61754,2.25,0.07,-8.86
"02/05/2021 03:25:00","DUNWOD",61760,46.08,-0.38,-53.14
"02/05/2021 03:25:00","GENESE",61753,0.41,0.31,-6.78
"02/05/2021 03:25:00","H Q",61844,-6.59,0.09,0.00
"02/05/2021 03:25:00","HUD VL",61758,45.66,-0.35,-52.69
"02/05/2021 03:25:00","LONGIL",61762,56.83,-0.58,-64.09
"02/05/2021 03:25:00","MHK VL",61756,3.47,-0.17,-10.31
"02/05/2021 03:25:00","MILLWD",61759,46.70,-0.37,-53.75
"02/05/2021 03:25:00","N.Y.C.",61761,46.06,-0.39,-53.13
"02/05/2021 03:25:00","NORTH",61755,-6.66,0.02,0.00
"02/05/2021 03:25:00","NPX",61845,61.20,-0.41,-68.29
"02/05/2021 03:25:00","O H",61846,2.20,0.61,-8.26
"02/05/2021 03:25:00","PJM",61847,26.23,0.09,-32.82
"02/05/2021 03:25:00","WEST",61752,2.71,0.51,-8.88
"02/05/2021 03:30:00","CAPITL",61757,81.32,-0.64,-91.01
"02/05/2021 03:30:00","CENTRL",61754,2.17,0.10,-11.11
"02/05/2021 03:30:00","DUNWOD",61760,57.07,-0.52,-66.63
"02/05/2021 03:30:00","GENESE",61753,-0.11,0.42,-8.51
"02/05/2021 03:30:00","H Q",61844,-8.92,0.13,0.00
"02/05/2021 03:30:00","HUD VL",61758,56.55,-0.47,-66.06
"02/05/2021 03:30:00","LONGIL",61762,56.80,-0.79,-66.63
"02/05/2021 03:30:00","MHK VL",61756,3.66,-0.23,-12.93
"02/05/2021 03:30:00","MILLWD",61759,57.85,-0.51,-67.40
"02/05/2021 03:30:00","N.Y.C.",61761,57.05,-0.52,-66.62
"02/05/2021 03:30:00","NORTH",61755,-9.02,0.03,0.00
"02/05/2021 03:30:00","NPX",61845,74.58,-0.56,-84.19
"02/05/2021 03:30:00","O H",61846,2.18,0.86,-10.36
"02/05/2021 03:30:00","PJM",61847,32.23,0.13,-41.15
"02/05/2021 03:30:00","WEST",61752,2.81,0.72,-11.13
"02/05/2021 03:35:00","CAPITL",61757,65.19,-0.47,-72.33
"02/05/2021 03:35:00","CENTRL",61754,2.23,0.07,-8.83
"02/05/2021 03:35:00","DUNWOD",61760,45.91,-0.38,-52.96
"02/05/2021 03:35:00","GENESE",61753,0.41,0.32,-6.76
"02/05/2021 03:35:00","H Q",61844,-6.58,0.09,0.00
"02/05/2021 03:35:00","HUD VL",61758,45.49,-0.35,-52.51
"02/05/2021 03:35:00","LONGIL",61762,56.82,-0.59,-64.08
"02/05/2021 03:35:00","MHK VL",61756,3.45,-0.16,-10.28
"02/05/2021 03:35:00","MILLWD",61759,46.52,-0.37,-53.57
"02/05/2021 03:35:00","N.Y.C.",61761,45.89,-0.39,-52.95
"02/05/2021 03:35:00","NORTH",61755,-6.65,0.02,0.00
"02/05/2021 03:35:00","NPX",61845,60.14,-0.41,-67.23
"02/05/2021 03:35:00","O H",61846,2.20,0.63,-8.24
"02/05/2021 03:35:00","PJM",61847,26.13,0.10,-32.71
"02/05/2021 03:35:00","WEST",61752,2.72,0.54,-8.85
"02/05/2021 03:40:00","CAPITL",61757,64.18,-0.48,-71.38
"02/05/2021 03:40:00","CENTRL",61754,2.06,0.07,-8.72
"02/05/2021 03:40:00","DUNWOD",61760,45.16,-0.38,-52.26
"02/05/2021 03:40:00","GENESE",61753,0.24,0.30,-6.67
"02/05/2021 03:40:00","H Q",61844,-6.63,0.09,0.00
"02/05/2021 03:40:00","HUD VL",61758,44.75,-0.35,-51.82
"02/05/2021 03:40:00","LONGIL",61762,56.82,-0.59,-64.14
"02/05/2021 03:40:00","MHK VL",61756,3.25,-0.17,-10.14
"02/05/2021 03:40:00","MILLWD",61759,45.76,-0.38,-52.86
"02/05/2021 03:40:00","N.Y.C.",61761,45.14,-0.39,-52.25
"02/05/2021 03:40:00","NORTH",61755,-6.71,0.01,0.00
"02/05/2021 03:40:00","NPX",61845,59.27,-0.42,-66.41
"02/05/2021 03:40:00","O H",61846,2.00,0.60,-8.13
"02/05/2021 03:40:00","PJM",61847,25.64,0.09,-32.28
"02/05/2021 03:40:00","WEST",61752,2.51,0.50,-8.73
"02/05/2021 03:45:00","CAPITL",61757,64.22,-0.48,-71.42
"02/05/2021 03:45:00","CENTRL",61754,2.07,0.07,-8.72
"02/05/2021 03:45:00","DUNWOD",61760,45.18,-0.39,-52.29
"02/05/2021 03:45:00","GENESE",61753,0.26,0.30,-6.67
"02/05/2021 03:45:00","H Q",61844,-6.62,0.09,0.00
"02/05/2021 03:45:00","HUD VL",61758,44.77,-0.36,-51.84
"02/05/2021 03:45:00","LONGIL",61762,56.83,-0.59,-64.13
"02/05/2021 03:45:00","MHK VL",61756,3.27,-0.17,-10.15
"02/05/2021 03:45:00","MILLWD",61759,45.79,-0.38,-52.89
"02/05/2021 03:45:00","N.Y.C.",61761,45.17,-0.40,-52.28
"02/05/2021 03:45:00","NORTH",61755,-6.69,0.02,0.00
"02/05/2021 03:45:00","NPX",61845,59.31,-0.42,-66.44
"02/05/2021 03:45:00","O H",61846,2.01,0.60,-8.13
"02/05/2021 03:45:00","PJM",61847,25.66,0.08,-32.29
"02/05/2021 03:45:00","WEST",61752,2.52,0.50,-8.74
"02/05/2021 03:50:00","CAPITL",61757,62.78,-0.49,-70.09
"02/05/2021 03:50:00","CENTRL",61754,1.81,0.07,-8.56
"02/05/2021 03:50:00","DUNWOD",61760,44.11,-0.40,-51.32
"02/05/2021 03:50:00","GENESE",61753,0.03,0.30,-6.55
"02/05/2021 03:50:00","H Q",61844,-6.72,0.10,0.00
"02/05/2021 03:50:00","HUD VL",61758,43.70,-0.37,-50.88
"02/05/2021 03:50:00","LONGIL",61762,56.83,-0.60,-64.25
"02/05/2021 03:50:00","MHK VL",61756,2.97,-0.17,-9.96
"02/05/2021 03:50:00","MILLWD",61759,44.70,-0.39,-51.91
"02/05/2021 03:50:00","N.Y.C.",61761,44.08,-0.41,-51.31
"02/05/2021 03:50:00","NORTH",61755,-6.80,0.02,0.00
"02/05/2021 03:50:00","NPX",61845,58.07,-0.43,-65.32
"02/05/2021 03:50:00","O H",61846,1.76,0.60,-7.98
"02/05/2021 03:50:00","PJM",61847,24.95,0.07,-31.69
"02/05/2021 03:50:00","WEST",61752,2.25,0.50,-8.57
"02/05/2021 03:55:00","CAPITL",61757,63.51,-0.49,-70.81
"02/05/2021 03:55:00","CENTRL",61754,1.89,0.05,-8.65
"02/05/2021 03:55:00","DUNWOD",61760,44.64,-0.39,-51.85
"02/05/2021 03:55:00","GENESE",61753,0.10,0.29,-6.62
"02/05/2021 03:55:00","H Q",61844,-6.71,0.10,0.00
"02/05/2021 03:55:00","HUD VL",61758,44.23,-0.37,-51.40
"02/05/2021 03:55:00","LONGIL",61762,56.83,-0.59,-64.23
"02/05/2021 03:55:00","MHK VL",61756,3.08,-0.17,-10.06
"02/05/2021 03:55:00","MILLWD",61759,45.24,-0.39,-52.44
"02/05/2021 03:55:00","N.Y.C.",61761,44.62,-0.41,-51.84
"02/05/2021 03:55:00","NORTH",61755,-6.79,0.02,0.00
"02/05/2021 03:55:00","NPX",61845,58.70,-0.43,-65.94
"02/05/2021 03:55:00","O H",61846,1.84,0.59,-8.06
"02/05/2021 03:55:00","PJM",61847,25.28,0.07,-32.02
"02/05/2021 03:55:00","WEST",61752,2.34,0.49,-8.66
"02/05/2021 04:00:00","CAPITL",61757,62.81,-0.50,-70.18
"02/05/2021 04:00:00","CENTRL",61754,1.74,0.04,-8.57
"02/05/2021 04:00:00","DUNWOD",61760,44.11,-0.41,-51.39
"02/05/2021 04:00:00","GENESE",61753,-0.03,0.27,-6.56
"02/05/2021 04:00:00","H Q",61844,-6.76,0.11,0.00
"02/05/2021 04:00:00","HUD VL",61758,43.70,-0.38,-50.95
"02/05/2021 04:00:00","LONGIL",61762,43.91,-0.61,-51.39
"02/05/2021 04:00:00","MHK VL",61756,2.93,-0.18,-9.97
"02/05/2021 04:00:00","MILLWD",61759,44.70,-0.41,-51.98
"02/05/2021 04:00:00","N.Y.C.",61761,44.08,-0.43,-51.38
"02/05/2021 04:00:00","NORTH",61755,-6.83,0.03,0.00
"02/05/2021 04:00:00","NPX",61845,58.09,-0.44,-65.40
"02/05/2021 04:00:00","O H",61846,1.69,0.56,-7.99
"02/05/2021 04:00:00","PJM",61847,24.91,0.05,-31.73
"02/05/2021 04:00:00","WEST",61752,2.18,0.46,-8.58
"02/05/2021 04:05:00","CAPITL",61757,62.81,-0.50,-70.18
"02/05/2021 04:05:00","CENTRL",61754,1.73,0.03,-8.57
"02/05/2021 04:05:00","DUNWOD",61760,44.11,-0.41,-51.39
"02/05/2021 04:05:00","GENESE",61753,-0.06,0.25,-6.56
"02/05/2021 04:05:00","H Q",61844,-6.75,0.12,0.00
"02/05/2021 04:05:00","HUD VL",61758,43.70,-0.38,-50.95
"02/05/2021 04:05:00","LONGIL",61762,43.90,-0.62,-51.39
"02/05/2021 04:05:00","MHK VL",61756,2.93,-0.18,-9.97
"02/05/2021 04:05:00","MILLWD",61759,44.70,-0.41,-51.98
"02/05/2021 04:05:00","N.Y.C.",61761,44.08,-0.43,-51.38
"02/05/2021 04:05:00","NORTH",61755,-6.83,0.04,0.00
"02/05/2021 04:05:00","NPX",61845,53.24,-0.44,-60.54
"02/05/2021 04:05:00","O H",61846,1.64,0.52,-7.99
"02/05/2021 04:05:00","PJM",61847,24.90,0.03,-31.73
"02/05/2021 04:05:00","WEST",61752,2.14,0.42,-8.58
"02/05/2021 04:10:00","CAPITL",61757,83.92,-0.43,-90.25
"02/05/2021 04:10:00","CENTRL",61754,5.07,0.04,-10.93
"02/05/2021 04:10:00","DUNWOD",61760,59.83,-0.35,-66.07
"02/05/2021 04:10:00","GENESE",61753,2.76,0.22,-8.44
"02/05/2021 04:10:00","H Q",61844,-5.80,0.09,0.00
"02/05/2021 04:10:00","HUD VL",61758,59.31,-0.32,-65.52
"02/05/2021 04:10:00","LONGIL",61762,59.66,-0.51,-66.07
"02/05/2021 04:10:00","MHK VL",61756,6.66,-0.15,-12.70
"02/05/2021 04:10:00","MILLWD",61759,60.59,-0.34,-66.82
"02/05/2021 04:10:00","N.Y.C.",61761,59.80,-0.36,-66.06
"02/05/2021 04:10:00","NORTH",61755,-5.87,0.03,0.00
"02/05/2021 04:10:00","NPX",61845,71.57,-0.38,-77.84
"02/05/2021 04:10:00","O H",61846,4.85,0.47,-10.27
"02/05/2021 04:10:00","PJM",61847,34.96,0.05,-40.80
"02/05/2021 04:10:00","WEST",61752,5.53,0.39,-11.04
"02/05/2021 04:15:00","CAPITL",61757,83.91,-0.43,-90.23
"02/05/2021 04:15:00","CENTRL",61754,5.07,0.04,-10.93
"02/05/2021 04:15:00","DUNWOD",61760,59.83,-0.34,-66.06
"02/05/2021 04:15:00","GENESE",61753,2.77,0.23,-8.43
"02/05/2021 04:15:00","H Q",61844,-5.80,0.09,0.00
"02/05/2021 04:15:00","HUD VL",61758,59.31,-0.32,-65.52
"02/05/2021 04:15:00","LONGIL",61762,59.68,-0.49,-66.06
"02/05/2021 04:15:00","MHK VL",61756,6.66,-0.15,-12.70
"02/05/2021 04:15:00","MILLWD",61759,60.59,-0.34,-66.82
"02/05/2021 04:15:00","N.Y.C.",61761,59.81,-0.35,-66.05
"02/05/2021 04:15:00","NORTH",61755,-5.87,0.02,0.00
"02/05/2021 04:15:00","NPX",61845,71.57,-0.37,-77.83
"02/05/2021 04:15:00","O H",61846,4.87,0.48,-10.27
"02/05/2021 04:15:00","PJM",61847,34.95,0.05,-40.80
"02/05/2021 04:15:00","WEST",61752,5.54,0.39,-11.04
"02/05/2021 04:20:00","CAPITL",61757,83.91,-0.43,-90.25
"02/05/2021 04:20:00","CENTRL",61754,5.06,0.03,-10.93
"02/05/2021 04:20:00","DUNWOD",61760,59.83,-0.34,-66.07
"02/05/2021 04:20:00","GENESE",61753,2.75,0.22,-8.44
"02/05/2021 04:20:00","H Q",61844,-5.81,0.09,0.00
"02/05/2021 04:20:00","HUD VL",61758,59.31,-0.32,-65.52
"02/05/2021 04:20:00","LONGIL",61762,59.68,-0.49,-66.07
"02/05/2021 04:20:00","MHK VL",61756,6.65,-0.15,-12.70
"02/05/2021 04:20:00","MILLWD",61759,60.59,-0.34,-66.83
"02/05/2021 04:20:00","N.Y.C.",61761,59.81,-0.35,-66.06
"02/05/2021 04:20:00","NORTH",61755,-5.87,0.03,0.00
"02/05/2021 04:20:00","NPX",61845,77.60,-0.37,-83.87
"02/05/2021 04:20:00","O H",61846,4.84,0.47,-10.27
"02/05/2021 04:20:00","PJM",61847,34.94,0.04,-40.80
"02/05/2021 04:20:00","WEST",61752,5.51,0.37,-11.04
"02/05/2021 04:25:00","CAPITL",61757,83.92,-0.44,-90.25
"02/05/2021 04:25:00","CENTRL",61754,5.07,0.03,-10.93
"02/05/2021 04:25:00","DUNWOD",61760,59.84,-0.34,-66.07
"02/05/2021 04:25:00","GENESE",61753,2.77,0.22,-8.44
"02/05/2021 04:25:00","H Q",61844,-5.79,0.09,0.00
"02/05/2021 04:25:00","HUD VL",61758,59.32,-0.31,-65.52
"02/05/2021 04:25:00","LONGIL",61762,59.72,-0.47,-66.07
"02/05/2021 04:25:00","MHK VL",61756,6.66,-0.15,-12.70
"02/05/2021 04:25:00","MILLWD",61759,60.61,-0.33,-66.82
"02/05/2021 04:25:00","N.Y.C.",61761,59.83,-0.34,-66.06
"02/05/2021 04:25:00","NORTH",61755,-5.86,0.03,0.00
"02/05/2021 04:25:00","NPX",61845,77.61,-0.37,-83.87
"02/05/2021 04:25:00","O H",61846,4.86,0.48,-10.27
"02/05/2021 04:25:00","PJM",61847,34.96,0.05,-40.80
"02/05/2021 04:25:00","WEST",61752,5.53,0.38,-11.04
"02/05/2021 04:30:00","CAPITL",61757,65.17,-0.49,-72.39
"02/05/2021 04:30:00","CENTRL",61754,2.08,0.04,-8.76
"02/05/2021 04:30:00","DUNWOD",61760,45.89,-0.38,-52.99
"02/05/2021 04:30:00","GENESE",61753,0.30,0.26,-6.77
"02/05/2021 04:30:00","H Q",61844,-6.62,0.11,0.00
"02/05/2021 04:30:00","HUD VL",61758,45.48,-0.36,-52.56
"02/05/2021 04:30:00","LONGIL",61762,45.76,-0.51,-52.99
"02/05/2021 04:30:00","MHK VL",61756,3.29,-0.17,-10.19
"02/05/2021 04:30:00","MILLWD",61759,46.51,-0.37,-53.60
"02/05/2021 04:30:00","N.Y.C.",61761,45.87,-0.39,-52.99
"02/05/2021 04:30:00","NORTH",61755,-6.69,0.03,0.00
"02/05/2021 04:30:00","NPX",61845,61.32,-0.42,-68.47
"02/05/2021 04:30:00","O H",61846,2.08,0.56,-8.24
"02/05/2021 04:30:00","PJM",61847,26.06,0.06,-32.73
"02/05/2021 04:30:00","WEST",61752,2.58,0.45,-8.86
"02/05/2021 04:35:00","CAPITL",61757,66.14,-0.49,-73.31
"02/05/2021 04:35:00","CENTRL",61754,2.22,0.03,-8.88
"02/05/2021 04:35:00","DUNWOD",61760,46.60,-0.38,-53.67
"02/05/2021 04:35:00","GENESE",61753,0.41,0.25,-6.85
"02/05/2021 04:35:00","H Q",61844,-6.58,0.11,0.00
"02/05/2021 04:35:00","HUD VL",61758,46.19,-0.35,-53.23
"02/05/2021 04:35:00","LONGIL",61762,46.47,-0.51,-53.67
"02/05/2021 04:35:00","MHK VL",61756,3.45,-0.18,-10.32
"02/05/2021 04:35:00","MILLWD",61759,47.23,-0.37,-54.29
"02/05/2021 04:35:00","N.Y.C.",61761,46.59,-0.39,-53.66
"02/05/2021 04:35:00","NORTH",61755,-6.65,0.03,0.00
"02/05/2021 04:35:00","NPX",61845,56.13,-0.42,-63.24
"02/05/2021 04:35:00","O H",61846,2.20,0.54,-8.35
"02/05/2021 04:35:00","PJM",61847,26.52,0.06,-33.15
"02/05/2021 04:35:00","WEST",61752,2.72,0.43,-8.97
"02/05/2021 04:40:00","CAPITL",61757,40.03,-0.29,-44.19
"02/05/2021 04:40:00","CENTRL",61754,1.49,0.02,-5.35
"02/05/2021 04:40:00","DUNWOD",61760,28.25,-0.22,-32.35
"02/05/2021 04:40:00","GENESE",61753,0.38,0.13,-4.13
"02/05/2021 04:40:00","H Q",61844,-3.82,0.06,0.00
"02/05/2021 04:40:00","HUD VL",61758,28.00,-0.21,-32.09
"02/05/2021 04:40:00","LONGIL",61762,28.18,-0.29,-32.35
"02/05/2021 04:40:00","MHK VL",61756,2.24,-0.10,-6.22
"02/05/2021 04:40:00","MILLWD",61759,28.63,-0.22,-32.72
"02/05/2021 04:40:00","N.Y.C.",61761,28.24,-0.23,-32.35
"02/05/2021 04:40:00","NORTH",61755,-3.86,0.02,0.00
"02/05/2021 04:40:00","NPX",61845,33.99,-0.25,-38.12
"02/05/2021 04:40:00","O H",61846,1.43,0.28,-5.03
"02/05/2021 04:40:00","PJM",61847,16.12,0.02,-19.98
"02/05/2021 04:40:00","WEST",61752,1.75,0.23,-5.41
"02/05/2021 04:45:00","CAPITL",61757,40.03,-0.29,-44.22
"02/05/2021 04:45:00","CENTRL",61754,1.47,0.02,-5.35
"02/05/2021 04:45:00","DUNWOD",61760,28.25,-0.22,-32.37
"02/05/2021 04:45:00","GENESE",61753,0.37,0.14,-4.13
"02/05/2021 04:45:00","H Q",61844,-3.83,0.06,0.00
"02/05/2021 04:45:00","HUD VL",61758,28.00,-0.21,-32.10
"02/05/2021 04:45:00","LONGIL",61762,28.19,-0.28,-32.37
"02/05/2021 04:45:00","MHK VL",61756,2.22,-0.11,-6.22
"02/05/2021 04:45:00","MILLWD",61759,28.63,-0.22,-32.74
"02/05/2021 04:45:00","N.Y.C.",61761,28.24,-0.23,-32.37
"02/05/2021 04:45:00","NORTH",61755,-3.88,0.02,0.00
"02/05/2021 04:45:00","NPX",61845,34.00,-0.25,-38.14
"02/05/2021 04:45:00","O H",61846,1.43,0.30,-5.03
"02/05/2021 04:45:00","PJM",61847,16.12,0.03,-19.99
"02/05/2021 04:45:00","WEST",61752,1.75,0.23,-5.41
"02/05/2021 04:50:00","CAPITL",61757,39.31,2.67,0.00
"02/05/2021 04:50:00","CENTRL",61754,36.41,-0.22,0.00
"02/05/2021 04:50:00","DUNWOD",61760,38.65,2.01,0.00
"02/05/2021 04:50:00","GENESE",61753,35.24,-1.39,0.00
"02/05/2021 04:50:00","H Q",61844,36.05,-0.59,0.00
"02/05/2021 04:50:00","HUD VL",61758,38.54,1.90,0.00
"02/05/2021 04:50:00","LONGIL",61762,39.20,2.56,0.00
"02/05/2021 04:50:00","MHK VL",61756,37.62,0.99,0.00
"02/05/2021 04:50:00","MILLWD",61759,38.61,1.98,0.00
"02/05/2021 04:50:00","N.Y.C.",61761,38.72,2.09,0.00
"02/05/2021 04:50:00","NORTH",61755,36.49,-0.15,0.00
"02/05/2021 04:50:00","NPX",61845,46.15,2.27,-7.25
"02/05/2021 04:50:00","O H",61846,33.63,-3.00,0.00
"02/05/2021 04:50:00","PJM",61847,36.27,-0.37,0.00
"02/05/2021 04:50:00","WEST",61752,34.25,-2.38,0.00
"02/05/2021 04:55:00","CAPITL",61757,35.93,0.56,-27.74
"02/05/2021 04:55:00","CENTRL",61754,10.94,-0.05,-3.36
"02/05/2021 04:55:00","DUNWOD",61760,28.38,0.43,-20.31
"02/05/2021 04:55:00","GENESE",61753,9.90,-0.33,-2.59
"02/05/2021 04:55:00","H Q",61844,7.51,-0.12,0.00
"02/05/2021 04:55:00","HUD VL",61758,28.18,0.40,-20.14
"02/05/2021 04:55:00","LONGIL",61762,28.48,0.53,-20.31
"02/05/2021 04:55:00","MHK VL",61756,11.74,0.21,-3.91
"02/05/2021 04:55:00","MILLWD",61759,28.60,0.43,-20.54
"02/05/2021 04:55:00","N.Y.C.",61761,28.39,0.45,-20.31
"02/05/2021 04:55:00","NORTH",61755,7.60,-0.03,0.00
"02/05/2021 04:55:00","NPX",61845,39.29,0.48,-31.18
"02/05/2021 04:55:00","O H",61846,10.09,-0.69,-3.16
"02/05/2021 04:55:00","PJM",61847,20.09,-0.08,-12.54
"02/05/2021 04:55:00","WEST",61752,10.46,-0.56,-3.39
"02/05/2021 05:00:00","CAPITL",61757,28.52,0.82,-16.47
"02/05/2021 05:00:00","CENTRL",61754,13.16,-0.07,-1.99
"02/05/2021 05:00:00","DUNWOD",61760,23.95,0.66,-12.06
"02/05/2021 05:00:00","GENESE",61753,12.31,-0.46,-1.54
"02/05/2021 05:00:00","H Q",61844,11.05,-0.18,0.00
"02/05/2021 05:00:00","HUD VL",61758,23.81,0.62,-11.96
"02/05/2021 05:00:00","LONGIL",61762,24.11,0.82,-12.06
"02/05/2021 05:00:00","MHK VL",61756,13.85,0.30,-2.32
"02/05/2021 05:00:00","MILLWD",61759,24.08,0.65,-12.20
"02/05/2021 05:00:00","N.Y.C.",61761,23.98,0.70,-12.06
"02/05/2021 05:00:00","NORTH",61755,11.18,-0.06,0.00
"02/05/2021 05:00:00","NPX",61845,33.39,0.71,-21.45
"02/05/2021 05:00:00","O H",61846,12.12,-0.99,-1.88
"02/05/2021 05:00:00","PJM",61847,18.58,-0.10,-7.45
"02/05/2021 05:00:00","WEST",61752,12.44,-0.81,-2.01
"02/05/2021 05:05:00","CAPITL",61757,34.99,0.75,-24.02
"02/05/2021 05:05:00","CENTRL",61754,13.08,-0.05,-2.91
"02/05/2021 05:05:00","DUNWOD",61760,28.41,0.59,-17.59
"02/05/2021 05:05:00","GENESE",61753,12.08,-0.39,-2.25
"02/05/2021 05:05:00","H Q",61844,10.05,-0.17,0.00
"02/05/2021 05:05:00","HUD VL",61758,28.22,0.55,-17.44
"02/05/2021 05:05:00","LONGIL",61762,28.58,0.77,-17.59
"02/05/2021 05:05:00","MHK VL",61756,13.89,0.29,-3.38
"02/05/2021 05:05:00","MILLWD",61759,28.60,0.58,-17.79
"02/05/2021 05:05:00","N.Y.C.",61761,28.43,0.62,-17.58
"02/05/2021 05:05:00","NORTH",61755,10.16,-0.06,0.00
"02/05/2021 05:05:00","NPX",61845,42.04,0.64,-31.17
"02/05/2021 05:05:00","O H",61846,12.11,-0.85,-2.74
"02/05/2021 05:05:00","PJM",61847,21.00,-0.08,-10.86
"02/05/2021 05:05:00","WEST",61752,12.48,-0.68,-2.94
"02/05/2021 05:10:00","CAPITL",61757,83.28,-0.44,-89.67
"02/05/2021 05:10:00","CENTRL",61754,4.94,0.02,-10.87
"02/05/2021 05:10:00","DUNWOD",61760,59.35,-0.34,-65.64
"02/05/2021 05:10:00","GENESE",61753,2.63,0.20,-8.38
"02/05/2021 05:10:00","H Q",61844,-5.85,0.10,0.00
"02/05/2021 05:10:00","HUD VL",61758,58.79,-0.32,-65.06
"02/05/2021 05:10:00","LONGIL",61762,59.25,-0.44,-65.64
"02/05/2021 05:10:00","MHK VL",61756,6.50,-0.17,-12.62
"02/05/2021 05:10:00","MILLWD",61759,60.10,-0.33,-66.38
"02/05/2021 05:10:00","N.Y.C.",61761,59.32,-0.35,-65.63
"02/05/2021 05:10:00","NORTH",61755,-5.92,0.04,0.00
"02/05/2021 05:10:00","NPX",61845,81.45,-0.38,-87.78
"02/05/2021 05:10:00","O H",61846,4.70,0.45,-10.21
"02/05/2021 05:10:00","PJM",61847,34.63,0.05,-40.54
"02/05/2021 05:10:00","WEST",61752,5.38,0.36,-10.98
"02/05/2021 05:15:00","CAPITL",61757,62.36,-0.45,-68.86
"02/05/2021 05:15:00","CENTRL",61754,2.30,0.01,-8.35
"02/05/2021 05:15:00","DUNWOD",61760,44.01,-0.34,-50.41
"02/05/2021 05:15:00","GENESE",61753,0.56,0.18,-6.44
"02/05/2021 05:15:00","H Q",61844,-5.95,0.10,0.00
"02/05/2021 05:15:00","HUD VL",61758,43.59,-0.32,-49.96
"02/05/2021 05:15:00","LONGIL",61762,43.91,-0.44,-50.41
"02/05/2021 05:15:00","MHK VL",61756,3.47,-0.17,-9.69
"02/05/2021 05:15:00","MILLWD",61759,44.59,-0.34,-50.98
"02/05/2021 05:15:00","N.Y.C.",61761,43.99,-0.36,-50.40
"02/05/2021 05:15:00","NORTH",61755,-6.01,0.04,0.00
"02/05/2021 05:15:00","NPX",61845,63.40,-0.38,-69.84
"02/05/2021 05:15:00","O H",61846,2.21,0.42,-7.84
"02/05/2021 05:15:00","PJM",61847,25.11,0.03,-31.13
"02/05/2021 05:15:00","WEST",61752,2.70,0.33,-8.43
"02/05/2021 05:20:00","CAPITL",61757,83.37,-0.66,-93.12
"02/05/2021 05:20:00","CENTRL",61754,2.21,0.01,-11.29
"02/05/2021 05:20:00","DUNWOD",61760,58.56,-0.52,-68.16
"02/05/2021 05:20:00","GENESE",61753,-0.09,0.29,-8.71
"02/05/2021 05:20:00","H Q",61844,-8.93,0.15,0.00
"02/05/2021 05:20:00","HUD VL",61758,58.00,-0.48,-67.57
"02/05/2021 05:20:00","LONGIL",61762,58.42,-0.65,-68.16
"02/05/2021 05:20:00","MHK VL",61756,3.76,-0.25,-13.10
"02/05/2021 05:20:00","MILLWD",61759,59.34,-0.51,-68.94
"02/05/2021 05:20:00","N.Y.C.",61761,58.54,-0.53,-68.15
"02/05/2021 05:20:00","NORTH",61755,-9.02,0.06,0.00
"02/05/2021 05:20:00","NPX",61845,82.53,-0.56,-92.18
"02/05/2021 05:20:00","O H",61846,2.19,0.67,-10.60
"02/05/2021 05:20:00","PJM",61847,33.05,0.05,-42.10
"02/05/2021 05:20:00","WEST",61752,2.83,0.52,-11.40
"02/05/2021 05:25:00","CAPITL",61757,83.92,-0.43,-90.27
"02/05/2021 05:25:00","CENTRL",61754,5.03,0.01,-10.94
"02/05/2021 05:25:00","DUNWOD",61760,59.81,-0.34,-66.07
"02/05/2021 05:25:00","GENESE",61753,2.71,0.19,-8.44
"02/05/2021 05:25:00","H Q",61844,-5.81,0.11,0.00
"02/05/2021 05:25:00","HUD VL",61758,59.26,-0.32,-65.49
"02/05/2021 05:25:00","LONGIL",61762,59.72,-0.44,-66.08
"02/05/2021 05:25:00","MHK VL",61756,6.61,-0.17,-12.70
"02/05/2021 05:25:00","MILLWD",61759,60.57,-0.34,-66.83
"02/05/2021 05:25:00","N.Y.C.",61761,59.79,-0.36,-66.06
"02/05/2021 05:25:00","NORTH",61755,-5.87,0.05,0.00
"02/05/2021 05:25:00","NPX",61845,83.43,-0.37,-89.72
"02/05/2021 05:25:00","O H",61846,4.80,0.44,-10.28
"02/05/2021 05:25:00","PJM",61847,34.92,0.03,-40.81
"02/05/2021 05:25:00","WEST",61752,5.48,0.34,-11.05
"02/05/2021 05:30:00","CAPITL",61757,39.67,-0.21,-42.71
"02/05/2021 05:30:00","CENTRL",61754,2.35,0.00,-5.18
"02/05/2021 05:30:00","DUNWOD",61760,28.26,-0.17,-31.26
"02/05/2021 05:30:00","GENESE",61753,1.25,0.08,-3.99
"02/05/2021 05:30:00","H Q",61844,-2.78,0.05,0.00
"02/05/2021 05:30:00","HUD VL",61758,28.00,-0.16,-30.99
"02/05/2021 05:30:00","LONGIL",61762,28.22,-0.21,-31.26
"02/05/2021 05:30:00","MHK VL",61756,3.10,-0.08,-6.01
"02/05/2021 05:30:00","MILLWD",61759,28.62,-0.17,-31.62
"02/05/2021 05:30:00","N.Y.C.",61761,28.25,-0.18,-31.26
"02/05/2021 05:30:00","NORTH",61755,-2.80,0.03,0.00
"02/05/2021 05:30:00","NPX",61845,45.70,-0.18,-48.70
"02/05/2021 05:30:00","O H",61846,2.24,0.20,-4.86
"02/05/2021 05:30:00","PJM",61847,16.49,0.01,-19.31
"02/05/2021 05:30:00","WEST",61752,2.56,0.16,-5.23
"02/05/2021 05:35:00","CAPITL",61757,62.38,-0.45,-68.88
"02/05/2021 05:35:00","CENTRL",61754,2.29,-0.01,-8.35
"02/05/2021 05:35:00","DUNWOD",61760,44.00,-0.36,-50.42
"02/05/2021 05:35:00","GENESE",61753,0.56,0.17,-6.44
"02/05/2021 05:35:00","H Q",61844,-5.95,0.11,0.00
"02/05/2021 05:35:00","HUD VL",61758,43.59,-0.33,-49.98
"02/05/2021 05:35:00","LONGIL",61762,43.91,-0.46,-50.42
"02/05/2021 05:35:00","MHK VL",61756,3.46,-0.18,-9.69
"02/05/2021 05:35:00","MILLWD",61759,44.59,-0.35,-51.00
"02/05/2021 05:35:00","N.Y.C.",61761,43.98,-0.38,-50.41
"02/05/2021 05:35:00","NORTH",61755,-5.99,0.06,0.00
"02/05/2021 05:35:00","NPX",61845,66.59,-0.39,-73.04
"02/05/2021 05:35:00","O H",61846,2.21,0.42,-7.84
"02/05/2021 05:35:00","PJM",61847,25.10,0.01,-31.14
"02/05/2021 05:35:00","WEST",61752,2.69,0.32,-8.43
"02/05/2021 05:40:00","CAPITL",61757,66.52,-0.49,-73.69
"02/05/2021 05:40:00","CENTRL",61754,2.27,0.01,-8.93
"02/05/2021 05:40:00","DUNWOD",61760,46.87,-0.40,-53.94
"02/05/2021 05:40:00","GENESE",61753,0.42,0.20,-6.89
"02/05/2021 05:40:00","H Q",61844,-6.55,0.12,0.00
"02/05/2021 05:40:00","HUD VL",61758,46.43,-0.37,-53.46
"02/05/2021 05:40:00","LONGIL",61762,46.76,-0.51,-53.94
"02/05/2021 05:40:00","MHK VL",61756,3.50,-0.20,-10.37
"02/05/2021 05:40:00","MILLWD",61759,47.49,-0.39,-54.55
"02/05/2021 05:40:00","N.Y.C.",61761,46.85,-0.41,-53.93
"02/05/2021 05:40:00","NORTH",61755,-6.60,0.07,0.00
"02/05/2021 05:40:00","NPX",61845,70.09,-0.42,-77.18
"02/05/2021 05:40:00","O H",61846,2.21,0.49,-8.39
"02/05/2021 05:40:00","PJM",61847,26.67,0.03,-33.31
"02/05/2021 05:40:00","WEST",61752,2.73,0.38,-9.02
"02/05/2021 05:45:00","CAPITL",61757,66.63,-0.49,-73.81
"02/05/2021 05:45:00","CENTRL",61754,2.27,0.01,-8.95
"02/05/2021 05:45:00","DUNWOD",61760,46.94,-0.40,-54.03
"02/05/2021 05:45:00","GENESE",61753,0.42,0.20,-6.90
"02/05/2021 05:45:00","H Q",61844,-6.56,0.12,0.00
"02/05/2021 05:45:00","HUD VL",61758,46.50,-0.37,-53.55
"02/05/2021 05:45:00","LONGIL",61762,46.82,-0.52,-54.03
"02/05/2021 05:45:00","MHK VL",61756,3.50,-0.20,-10.39
"02/05/2021 05:45:00","MILLWD",61759,47.57,-0.39,-54.64
"02/05/2021 05:45:00","N.Y.C.",61761,46.92,-0.41,-54.02
"02/05/2021 05:45:00","NORTH",61755,-6.62,0.07,0.00
"02/05/2021 05:45:00","NPX",61845,70.18,-0.42,-77.28
"02/05/2021 05:45:00","O H",61846,2.20,0.49,-8.40
"02/05/2021 05:45:00","PJM",61847,26.71,0.03,-33.36
"02/05/2021 05:45:00","WEST",61752,2.73,0.37,-9.04
"02/05/2021 05:50:00","CAPITL",61757,34.20,0.93,-20.89
"02/05/2021 05:50:00","CENTRL",61754,14.90,-0.01,-2.53
"02/05/2021 05:50:00","DUNWOD",61760,28.43,0.76,-15.29
"02/05/2021 05:50:00","GENESE",61753,13.95,-0.38,-1.95
"02/05/2021 05:50:00","H Q",61844,12.16,-0.22,0.00
"02/05/2021 05:50:00","HUD VL",61758,28.23,0.69,-15.16
"02/05/2021 05:50:00","LONGIL",61762,28.67,0.99,-15.29
"02/05/2021 05:50:00","MHK VL",61756,15.71,0.38,-2.94
"02/05/2021 05:50:00","MILLWD",61759,28.59,0.74,-15.47
"02/05/2021 05:50:00","N.Y.C.",61761,28.46,0.79,-15.29
"02/05/2021 05:50:00","NORTH",61755,12.26,-0.12,0.00
"02/05/2021 05:50:00","NPX",61845,33.04,0.79,-19.86
"02/05/2021 05:50:00","O H",61846,13.83,-0.93,-2.38
"02/05/2021 05:50:00","PJM",61847,21.76,-0.06,-9.44
"02/05/2021 05:50:00","WEST",61752,14.21,-0.73,-2.56
"02/05/2021 05:55:00","CAPITL",61757,82.23,1.19,-64.96
"02/05/2021 05:55:00","CENTRL",61754,23.96,0.00,-7.88
"02/05/2021 05:55:00","DUNWOD",61760,64.63,1.00,-47.55
"02/05/2021 05:55:00","GENESE",61753,21.63,-0.53,-6.07
"02/05/2021 05:55:00","H Q",61844,15.79,-0.29,0.00
"02/05/2021 05:55:00","HUD VL",61758,64.13,0.92,-47.13
"02/05/2021 05:55:00","LONGIL",61762,64.90,1.27,-47.55
"02/05/2021 05:55:00","MHK VL",61756,25.72,0.50,-9.14
"02/05/2021 05:55:00","MILLWD",61759,65.15,0.98,-48.09
"02/05/2021 05:55:00","N.Y.C.",61761,64.67,1.04,-47.54
"02/05/2021 05:55:00","NORTH",61755,15.92,-0.16,0.00
"02/05/2021 05:55:00","NPX",61845,74.98,1.03,-57.87
"02/05/2021 05:55:00","O H",61846,22.22,-1.25,-7.39
"02/05/2021 05:55:00","PJM",61847,45.38,-0.06,-29.37
"02/05/2021 05:55:00","WEST",61752,23.07,-0.96,-7.95
"02/05/2021 06:00:00","CAPITL",61757,1.16,0.08,0.00
"02/05/2021 06:00:00","CENTRL",61754,1.08,0.00,0.00
"02/05/2021 06:00:00","DUNWOD",61760,1.15,0.07,0.00
"02/05/2021 06:00:00","GENESE",61753,1.05,-0.03,0.00
"02/05/2021 06:00:00","H Q",61844,1.06,-0.02,0.00
"02/05/2021 06:00:00","HUD VL",61758,1.14,0.06,0.00
"02/05/2021 06:00:00","LONGIL",61762,1.16,0.08,0.00
"02/05/2021 06:00:00","MHK VL",61756,1.11,0.03,0.00
"02/05/2021 06:00:00","MILLWD",61759,1.15,0.07,0.00
"02/05/2021 06:00:00","N.Y.C.",61761,1.15,0.07,0.00
"02/05/2021 06:00:00","NORTH",61755,1.06,-0.01,0.00
"02/05/2021 06:00:00","NPX",61845,2.99,0.07,-1.85
"02/05/2021 06:00:00","O H",61846,1.01,-0.07,0.00
"02/05/2021 06:00:00","PJM",61847,1.08,0.00,0.00
"02/05/2021 06:00:00","WEST",61752,1.03,-0.05,0.00
"02/05/2021 06:05:00","CAPITL",61757,37.38,-0.61,-46.00
"02/05/2021 06:05:00","CENTRL",61754,-2.49,-0.05,-5.58
"02/05/2021 06:05:00","DUNWOD",61760,25.12,-0.54,-33.67
"02/05/2021 06:05:00","GENESE",61753,-3.56,0.15,-4.30
"02/05/2021 06:05:00","H Q",61844,-7.84,0.18,0.00
"02/05/2021 06:05:00","HUD VL",61758,24.88,-0.49,-33.38
"02/05/2021 06:05:00","LONGIL",61762,25.02,-0.64,-33.68
"02/05/2021 06:05:00","MHK VL",61756,-1.81,-0.26,-6.47
"02/05/2021 06:05:00","MILLWD",61759,25.52,-0.52,-34.06
"02/05/2021 06:05:00","N.Y.C.",61761,25.09,-0.57,-33.67
"02/05/2021 06:05:00","NORTH",61755,-7.89,0.13,0.00
"02/05/2021 06:05:00","NPX",61845,38.09,-0.54,-46.64
"02/05/2021 06:05:00","O H",61846,-2.31,0.47,-5.24
"02/05/2021 06:05:00","PJM",61847,12.75,-0.03,-20.80
"02/05/2021 06:05:00","WEST",61752,-2.05,0.33,-5.63
"02/05/2021 06:10:00","CAPITL",61757,56.34,-0.52,-63.65
"02/05/2021 06:10:00","CENTRL",61754,0.99,-0.04,-7.83
"02/05/2021 06:10:00","DUNWOD",61760,39.35,-0.45,-46.60
"02/05/2021 06:10:00","GENESE",61753,-0.74,0.11,-5.95
"02/05/2021 06:10:00","H Q",61844,-6.65,0.15,0.00
"02/05/2021 06:10:00","HUD VL",61758,38.96,-0.41,-46.18
"02/05/2021 06:10:00","LONGIL",61762,39.27,-0.54,-46.60
"02/05/2021 06:10:00","MHK VL",61756,2.12,-0.22,-9.14
"02/05/2021 06:10:00","MILLWD",61759,39.90,-0.44,-47.14
"02/05/2021 06:10:00","N.Y.C.",61761,39.31,-0.48,-46.59
"02/05/2021 06:10:00","NORTH",61755,-6.68,0.12,0.00
"02/05/2021 06:10:00","NPX",61845,54.62,-0.46,-61.87
"02/05/2021 06:10:00","O H",61846,0.82,0.37,-7.25
"02/05/2021 06:10:00","PJM",61847,21.95,-0.03,-28.78
"02/05/2021 06:10:00","WEST",61752,1.25,0.24,-7.80
"02/05/2021 06:15:00","CAPITL",61757,53.16,-0.48,-59.93
"02/05/2021 06:15:00","CENTRL",61754,1.05,-0.03,-7.37
"02/05/2021 06:15:00","DUNWOD",61760,37.17,-0.42,-43.88
"02/05/2021 06:15:00","GENESE",61753,-0.58,0.11,-5.60
"02/05/2021 06:15:00","H Q",61844,-6.15,0.14,0.00
"02/05/2021 06:15:00","HUD VL",61758,36.81,-0.38,-43.48
"02/05/2021 06:15:00","LONGIL",61762,37.09,-0.50,-43.88
"02/05/2021 06:15:00","MHK VL",61756,2.12,-0.20,-8.61
"02/05/2021 06:15:00","MILLWD",61759,37.69,-0.41,-44.39
"02/05/2021 06:15:00","N.Y.C.",61761,37.14,-0.45,-43.87
"02/05/2021 06:15:00","NORTH",61755,-6.19,0.10,0.00
"02/05/2021 06:15:00","NPX",61845,51.95,-0.42,-58.66
"02/05/2021 06:15:00","O H",61846,0.90,0.36,-6.82
"02/05/2021 06:15:00","PJM",61847,20.80,-0.01,-27.10
"02/05/2021 06:15:00","WEST",61752,1.31,0.26,-7.35
"02/05/2021 06:20:00","CAPITL",61757,58.94,-0.55,-66.53
"02/05/2021 06:20:00","CENTRL",61754,1.09,-0.04,-8.18
"02/05/2021 06:20:00","DUNWOD",61760,41.18,-0.49,-48.71
"02/05/2021 06:20:00","GENESE",61753,-0.70,0.12,-6.22
"02/05/2021 06:20:00","H Q",61844,-6.88,0.16,0.00
"02/05/2021 06:20:00","HUD VL",61758,40.78,-0.44,-48.26
"02/05/2021 06:20:00","LONGIL",61762,41.09,-0.58,-48.71
"02/05/2021 06:20:00","MHK VL",61756,2.28,-0.23,-9.55
"02/05/2021 06:20:00","MILLWD",61759,41.76,-0.47,-49.27
"02/05/2021 06:20:00","N.Y.C.",61761,41.14,-0.51,-48.70
"02/05/2021 06:20:00","NORTH",61755,-6.92,0.13,0.00
"02/05/2021 06:20:00","NPX",61845,59.55,-0.48,-67.07
"02/05/2021 06:20:00","O H",61846,0.94,0.41,-7.57
"02/05/2021 06:20:00","PJM",61847,23.00,-0.04,-30.08
"02/05/2021 06:20:00","WEST",61752,1.39,0.27,-8.15
"02/05/2021 06:25:00","CAPITL",61757,28.77,2.08,0.00
"02/05/2021 06:25:00","CENTRL",61754,26.93,0.24,0.00
"02/05/2021 06:25:00","DUNWOD",61760,28.56,1.87,0.00
"02/05/2021 06:25:00","GENESE",61753,26.18,-0.51,0.00
"02/05/2021 06:25:00","H Q",61844,26.05,-0.64,0.00
"02/05/2021 06:25:00","HUD VL",61758,28.40,1.71,0.00
"02/05/2021 06:25:00","LONGIL",61762,28.93,2.24,0.00
"02/05/2021 06:25:00","MHK VL",61756,27.60,0.91,0.00
"02/05/2021 06:25:00","MILLWD",61759,28.50,1.82,0.00
"02/05/2021 06:25:00","N.Y.C.",61761,28.66,1.97,0.00
"02/05/2021 06:25:00","NORTH",61755,26.16,-0.53,0.00
"02/05/2021 06:25:00","NPX",61845,38.18,1.82,-9.68
"02/05/2021 06:25:00","O H",61846,25.06,-1.63,0.00
"02/05/2021 06:25:00","PJM",61847,26.93,0.24,0.00
"02/05/2021 06:25:00","WEST",61752,25.70,-0.99,0.00
"02/05/2021 06:30:00","CAPITL",61757,53.17,-0.48,-59.90
"02/05/2021 06:30:00","CENTRL",61754,1.08,-0.04,-7.38
"02/05/2021 06:30:00","DUNWOD",61760,37.17,-0.44,-43.85
"02/05/2021 06:30:00","GENESE",61753,-0.52,0.12,-5.61
"02/05/2021 06:30:00","H Q",61844,-6.10,0.15,0.00
"02/05/2021 06:30:00","HUD VL",61758,36.80,-0.40,-43.45
"02/05/2021 06:30:00","LONGIL",61762,37.07,-0.53,-43.85
"02/05/2021 06:30:00","MHK VL",61756,2.07,-0.22,-8.54
"02/05/2021 06:30:00","MILLWD",61759,37.68,-0.43,-44.36
"02/05/2021 06:30:00","N.Y.C.",61761,37.13,-0.46,-43.84
"02/05/2021 06:30:00","NORTH",61755,-6.12,0.12,0.00
"02/05/2021 06:30:00","NPX",61845,54.67,-0.43,-61.35
"02/05/2021 06:30:00","O H",61846,0.95,0.37,-6.83
"02/05/2021 06:30:00","PJM",61847,20.80,-0.04,-27.09
"02/05/2021 06:30:00","WEST",61752,1.35,0.25,-7.35
"02/05/2021 06:35:00","CAPITL",61757,58.83,-0.55,-66.42
"02/05/2021 06:35:00","CENTRL",61754,1.08,-0.06,-8.18
"02/05/2021 06:35:00","DUNWOD",61760,41.10,-0.49,-48.63
"02/05/2021 06:35:00","GENESE",61753,-0.69,0.13,-6.22
"02/05/2021 06:35:00","H Q",61844,-6.88,0.17,0.00
"02/05/2021 06:35:00","HUD VL",61758,40.69,-0.44,-48.19
"02/05/2021 06:35:00","LONGIL",61762,40.98,-0.60,-48.63
"02/05/2021 06:35:00","MHK VL",61756,2.16,-0.26,-9.47
"02/05/2021 06:35:00","MILLWD",61759,41.67,-0.48,-49.19
"02/05/2021 06:35:00","N.Y.C.",61761,41.05,-0.52,-48.62
"02/05/2021 06:35:00","NORTH",61755,-6.90,0.15,0.00
"02/05/2021 06:35:00","NPX",61845,58.87,-0.48,-66.40
"02/05/2021 06:35:00","O H",61846,0.96,0.44,-7.57
"02/05/2021 06:35:00","PJM",61847,22.94,-0.05,-30.04
"02/05/2021 06:35:00","WEST",61752,1.39,0.29,-8.15
"02/05/2021 06:40:00","CAPITL",61757,55.06,-0.51,-62.12
"02/05/2021 06:40:00","CENTRL",61754,1.05,-0.06,-7.65
"02/05/2021 06:40:00","DUNWOD",61760,38.48,-0.46,-45.48
"02/05/2021 06:40:00","GENESE",61753,-0.58,0.14,-5.82
"02/05/2021 06:40:00","H Q",61844,-6.38,0.16,0.00
"02/05/2021 06:40:00","HUD VL",61758,38.10,-0.42,-45.06
"02/05/2021 06:40:00","LONGIL",61762,38.37,-0.57,-45.48
"02/05/2021 06:40:00","MHK VL",61756,2.07,-0.24,-8.86
"02/05/2021 06:40:00","MILLWD",61759,39.01,-0.45,-46.00
"02/05/2021 06:40:00","N.Y.C.",61761,38.44,-0.48,-45.47
"02/05/2021 06:40:00","NORTH",61755,-6.40,0.14,0.00
"02/05/2021 06:40:00","NPX",61845,55.70,-0.45,-62.69
"02/05/2021 06:40:00","O H",61846,0.96,0.42,-7.08
"02/05/2021 06:40:00","PJM",61847,21.50,-0.05,-28.09
"02/05/2021 06:40:00","WEST",61752,1.36,0.27,-7.62
"02/05/2021 06:45:00","CAPITL",61757,58.94,-0.55,-66.54
"02/05/2021 06:45:00","CENTRL",61754,1.08,-0.06,-8.19
"02/05/2021 06:45:00","DUNWOD",61760,41.18,-0.49,-48.72
"02/05/2021 06:45:00","GENESE",61753,-0.68,0.13,-6.23
"02/05/2021 06:45:00","H Q",61844,-6.88,0.17,0.00
"02/05/2021 06:45:00","HUD VL",61758,40.78,-0.44,-48.27
"02/05/2021 06:45:00","LONGIL",61762,41.06,-0.61,-48.72
"02/05/2021 06:45:00","MHK VL",61756,2.18,-0.26,-9.49
"02/05/2021 06:45:00","MILLWD",61759,41.75,-0.48,-49.28
"02/05/2021 06:45:00","N.Y.C.",61761,41.15,-0.51,-48.71
"02/05/2021 06:45:00","NORTH",61755,-6.90,0.15,0.00
"02/05/2021 06:45:00","NPX",61845,58.98,-0.48,-66.50
"02/05/2021 06:45:00","O H",61846,0.97,0.44,-7.59
"02/05/2021 06:45:00","PJM",61847,23.00,-0.04,-30.09
"02/05/2021 06:45:00","WEST",61752,1.41,0.29,-8.17
"02/05/2021 06:50:00","CAPITL",61757,56.78,0.24,-53.36
"02/05/2021 06:50:00","CENTRL",61754,9.77,0.03,-6.57
"02/05/2021 06:50:00","DUNWOD",61760,42.47,0.23,-39.07
"02/05/2021 06:50:00","GENESE",61753,8.11,-0.07,-5.00
"02/05/2021 06:50:00","H Q",61844,3.10,-0.08,0.00
"02/05/2021 06:50:00","HUD VL",61758,42.09,0.20,-38.71
"02/05/2021 06:50:00","LONGIL",61762,42.52,0.28,-39.07
"02/05/2021 06:50:00","MHK VL",61756,10.90,0.12,-7.61
"02/05/2021 06:50:00","MILLWD",61759,42.91,0.22,-39.52
"02/05/2021 06:50:00","N.Y.C.",61761,42.47,0.24,-39.06
"02/05/2021 06:50:00","NORTH",61755,3.11,-0.06,0.00
"02/05/2021 06:50:00","NPX",61845,61.09,0.22,-57.70
"02/05/2021 06:50:00","O H",61846,9.05,-0.21,-6.08
"02/05/2021 06:50:00","PJM",61847,27.32,0.02,-24.13
"02/05/2021 06:50:00","WEST",61752,9.59,-0.14,-6.55
"02/05/2021 06:55:00","CAPITL",61757,61.16,-0.53,-68.63
"02/05/2021 06:55:00","CENTRL",61754,1.45,-0.06,-8.45
"02/05/2021 06:55:00","DUNWOD",61760,42.80,-0.50,-50.25
"02/05/2021 06:55:00","GENESE",61753,-0.36,0.15,-6.43
"02/05/2021 06:55:00","H Q",61844,-6.78,0.17,0.00
"02/05/2021 06:55:00","HUD VL",61758,42.39,-0.45,-49.79
"02/05/2021 06:55:00","LONGIL",61762,42.68,-0.63,-50.25
"02/05/2021 06:55:00","MHK VL",61756,2.58,-0.26,-9.79
"02/05/2021 06:55:00","MILLWD",61759,43.40,-0.49,-50.83
"02/05/2021 06:55:00","N.Y.C.",61761,42.77,-0.53,-50.24
"02/05/2021 06:55:00","NORTH",61755,-6.80,0.14,0.00
"02/05/2021 06:55:00","NPX",61845,63.45,-0.47,-70.87
"02/05/2021 06:55:00","O H",61846,1.35,0.47,-7.82
"02/05/2021 06:55:00","PJM",61847,24.05,-0.04,-31.03
"02/05/2021 06:55:00","WEST",61752,1.81,0.33,-8.42
"02/05/2021 07:00:00","CAPITL",61757,34.81,-0.29,-38.97
"02/05/2021 07:00:00","CENTRL",61754,1.07,-0.03,-4.96
"02/05/2021 07:00:00","DUNWOD",61760,24.25,-0.30,-28.41
"02/05/2021 07:00:00","GENESE",61753,-0.01,0.10,-3.75
"02/05/2021 07:00:00","H Q",61844,-3.77,0.09,0.00
"02/05/2021 07:00:00","HUD VL",61758,23.99,-0.27,-28.12
"02/05/2021 07:00:00","LONGIL",61762,24.18,-0.37,-28.41
"02/05/2021 07:00:00","MHK VL",61756,1.73,-0.15,-5.74
"02/05/2021 07:00:00","MILLWD",61759,24.59,-0.29,-28.74
"02/05/2021 07:00:00","N.Y.C.",61761,24.22,-0.32,-28.41
"02/05/2021 07:00:00","NORTH",61755,-3.78,0.08,0.00
"02/05/2021 07:00:00","NPX",61845,41.09,-0.27,-45.23
"02/05/2021 07:00:00","O H",61846,0.98,0.28,-4.57
"02/05/2021 07:00:00","PJM",61847,13.73,-0.03,-17.62
"02/05/2021 07:00:00","WEST",61752,1.25,0.20,-4.91
"02/05/2021 07:05:00","CAPITL",61757,36.05,-0.30,-40.38
"02/05/2021 07:05:00","CENTRL",61754,1.09,-0.04,-5.14
"02/05/2021 07:05:00","DUNWOD",61760,25.10,-0.32,-29.44
"02/05/2021 07:05:00","GENESE",61753,-0.05,0.08,-3.89
"02/05/2021 07:05:00","H Q",61844,-3.92,0.10,0.00
"02/05/2021 07:05:00","HUD VL",61758,24.83,-0.29,-29.14
"02/05/2021 07:05:00","LONGIL",61762,25.03,-0.39,-29.44
"02/05/2021 07:05:00","MHK VL",61756,1.77,-0.16,-5.95
"02/05/2021 07:05:00","MILLWD",61759,25.46,-0.31,-29.78
"02/05/2021 07:05:00","N.Y.C.",61761,25.07,-0.34,-29.44
"02/05/2021 07:05:00","NORTH",61755,-3.93,0.09,0.00
"02/05/2021 07:05:00","NPX",61845,49.48,-0.28,-53.78
"02/05/2021 07:05:00","O H",61846,0.98,0.27,-4.73
"02/05/2021 07:05:00","PJM",61847,14.20,-0.04,-18.26
"02/05/2021 07:05:00","WEST",61752,1.25,0.18,-5.09
"02/05/2021 07:10:00","CAPITL",61757,24.43,1.75,0.00
"02/05/2021 07:10:00","CENTRL",61754,22.88,0.20,0.00
"02/05/2021 07:10:00","DUNWOD",61760,24.47,1.79,0.00
"02/05/2021 07:10:00","GENESE",61753,22.16,-0.52,0.00
"02/05/2021 07:10:00","H Q",61844,22.11,-0.57,0.00
"02/05/2021 07:10:00","HUD VL",61758,24.29,1.61,0.00
"02/05/2021 07:10:00","LONGIL",61762,24.90,2.22,0.00
"02/05/2021 07:10:00","MHK VL",61756,23.56,0.88,0.00
"02/05/2021 07:10:00","MILLWD",61759,24.43,1.75,0.00
"02/05/2021 07:10:00","N.Y.C.",61761,24.61,1.93,0.00
"02/05/2021 07:10:00","NORTH",61755,22.18,-0.50,0.00
"02/05/2021 07:10:00","NPX",61845,43.27,1.59,-19.01
"02/05/2021 07:10:00","O H",61846,21.07,-1.61,0.00
"02/05/2021 07:10:00","PJM",61847,22.93,0.25,0.00
"02/05/2021 07:10:00","WEST",61752,21.64,-1.04,0.00
"02/05/2021 07:15:00","CAPITL",61757,23.57,1.69,0.00
"02/05/2021 07:15:00","CENTRL",61754,22.06,0.17,0.00
"02/05/2021 07:15:00","DUNWOD",61760,23.62,1.73,0.00
"02/05/2021 07:15:00","GENESE",61753,21.30,-0.59,0.00
"02/05/2021 07:15:00","H Q",61844,21.36,-0.53,0.00
"02/05/2021 07:15:00","HUD VL",61758,23.44,1.55,0.00
"02/05/2021 07:15:00","LONGIL",61762,24.08,2.19,0.00
"02/05/2021 07:15:00","MHK VL",61756,22.72,0.83,0.00
"02/05/2021 07:15:00","MILLWD",61759,23.57,1.69,0.00
"02/05/2021 07:15:00","N.Y.C.",61761,23.75,1.86,0.00
"02/05/2021 07:15:00","NORTH",61755,21.43,-0.46,0.00
"02/05/2021 07:15:00","NPX",61845,42.45,1.55,-19.01
"02/05/2021 07:15:00","O H",61846,20.18,-1.71,0.00
"02/05/2021 07:15:00","PJM",61847,22.06,0.17,0.00
"02/05/2021 07:15:00","WEST",61752,20.73,-1.16,0.00
"02/05/2021 07:20:00","CAPITL",61757,26.38,1.07,-11.39
"02/05/2021 07:20:00","CENTRL",61754,15.46,0.10,-1.43
"02/05/2021 07:20:00","DUNWOD",61760,23.33,1.11,-8.29
"02/05/2021 07:20:00","GENESE",61753,14.60,-0.42,-1.10
"02/05/2021 07:20:00","H Q",61844,13.59,-0.33,0.00
"02/05/2021 07:20:00","HUD VL",61758,23.14,1.00,-8.21
"02/05/2021 07:20:00","LONGIL",61762,23.65,1.43,-8.29
"02/05/2021 07:20:00","MHK VL",61756,16.05,0.54,-1.59
"02/05/2021 07:20:00","MILLWD",61759,23.40,1.09,-8.39
"02/05/2021 07:20:00","N.Y.C.",61761,23.41,1.20,-8.29
"02/05/2021 07:20:00","NORTH",61755,13.65,-0.28,0.00
"02/05/2021 07:20:00","NPX",61845,48.99,0.99,-34.07
"02/05/2021 07:20:00","O H",61846,14.10,-1.16,-1.33
"02/05/2021 07:20:00","PJM",61847,19.17,0.10,-5.14
"02/05/2021 07:20:00","WEST",61752,14.55,-0.81,-1.44
"02/05/2021 07:25:00","CAPITL",61757,33.77,0.99,-19.95
"02/05/2021 07:25:00","CENTRL",61754,15.40,0.06,-2.51
"02/05/2021 07:25:00","DUNWOD",61760,28.40,1.04,-14.53
"02/05/2021 07:25:00","GENESE",61753,14.38,-0.37,-1.92
"02/05/2021 07:25:00","H Q",61844,12.52,-0.31,0.00
"02/05/2021 07:25:00","HUD VL",61758,28.14,0.92,-14.39
"02/05/2021 07:25:00","LONGIL",61762,28.68,1.32,-14.53
"02/05/2021 07:25:00","MHK VL",61756,16.11,0.50,-2.78
"02/05/2021 07:25:00","MILLWD",61759,28.53,1.00,-14.70
"02/05/2021 07:25:00","N.Y.C.",61761,28.46,1.10,-14.53
"02/05/2021 07:25:00","NORTH",61755,12.58,-0.24,0.00
"02/05/2021 07:25:00","NPX",61845,55.18,0.91,-41.44
"02/05/2021 07:25:00","O H",61846,14.10,-1.06,-2.33
"02/05/2021 07:25:00","PJM",61847,21.92,0.08,-9.01
"02/05/2021 07:25:00","WEST",61752,14.59,-0.76,-2.52
"02/05/2021 07:30:00","CAPITL",61757,41.30,0.69,-31.48
"02/05/2021 07:30:00","CENTRL",61754,13.17,0.07,-3.96
"02/05/2021 07:30:00","DUNWOD",61760,32.79,0.74,-22.92
"02/05/2021 07:30:00","GENESE",61753,11.92,-0.25,-3.03
"02/05/2021 07:30:00","H Q",61844,8.91,-0.23,0.00
"02/05/2021 07:30:00","HUD VL",61758,32.50,0.67,-22.70
"02/05/2021 07:30:00","LONGIL",61762,33.00,0.95,-22.92
"02/05/2021 07:30:00","MHK VL",61756,13.88,0.37,-4.39
"02/05/2021 07:30:00","MILLWD",61759,33.04,0.72,-23.19
"02/05/2021 07:30:00","N.Y.C.",61761,32.83,0.79,-22.91
"02/05/2021 07:30:00","NORTH",61755,8.94,-0.19,0.00
"02/05/2021 07:30:00","NPX",61845,61.13,0.65,-51.35
"02/05/2021 07:30:00","O H",61846,12.09,-0.72,-3.68
"02/05/2021 07:30:00","PJM",61847,23.43,0.08,-14.22
"02/05/2021 07:30:00","WEST",61752,12.60,-0.50,-3.97
"02/05/2021 07:35:00","CAPITL",61757,134.37,-0.63,-143.49
"02/05/2021 07:35:00","CENTRL",61754,9.51,-0.06,-18.05
"02/05/2021 07:35:00","DUNWOD",61760,95.31,-0.68,-104.48
"02/05/2021 07:35:00","GENESE",61753,5.56,0.24,-13.81
"02/05/2021 07:35:00","H Q",61844,-8.28,0.20,0.00
"02/05/2021 07:35:00","HUD VL",61758,94.41,-0.60,-103.49
"02/05/2021 07:35:00","LONGIL",61762,95.12,-0.87,-104.48
"02/05/2021 07:35:00","MHK VL",61756,11.18,-0.33,-19.99
"02/05/2021 07:35:00","MILLWD",61759,96.55,-0.65,-105.69
"02/05/2021 07:35:00","N.Y.C.",61761,95.25,-0.72,-104.46
"02/05/2021 07:35:00","NORTH",61755,-8.32,0.17,0.00
"02/05/2021 07:35:00","NPX",61845,140.26,-0.59,-149.33
"02/05/2021 07:35:00","O H",61846,8.98,0.68,-16.79
"02/05/2021 07:35:00","PJM",61847,56.26,-0.06,-64.80
"02/05/2021 07:35:00","WEST",61752,10.09,0.48,-18.09
"02/05/2021 07:40:00","CAPITL",61757,92.87,-0.42,-98.82
"02/05/2021 07:40:00","CENTRL",61754,6.84,-0.05,-12.43
"02/05/2021 07:40:00","DUNWOD",61760,65.97,-0.45,-71.96
"02/05/2021 07:40:00","GENESE",61753,4.10,0.13,-9.51
"02/05/2021 07:40:00","H Q",61844,-5.40,0.14,0.00
"02/05/2021 07:40:00","HUD VL",61758,65.34,-0.40,-71.28
"02/05/2021 07:40:00","LONGIL",61762,65.84,-0.58,-71.96
"02/05/2021 07:40:00","MHK VL",61756,8.01,-0.22,-13.77
"02/05/2021 07:40:00","MILLWD",61759,66.82,-0.43,-72.79
"02/05/2021 07:40:00","N.Y.C.",61761,65.93,-0.47,-71.94
"02/05/2021 07:40:00","NORTH",61755,-5.41,0.13,0.00
"02/05/2021 07:40:00","NPX",61845,104.99,-0.39,-110.92
"02/05/2021 07:40:00","O H",61846,6.43,0.40,-11.56
"02/05/2021 07:40:00","PJM",61847,39.04,-0.06,-44.63
"02/05/2021 07:40:00","WEST",61752,7.20,0.28,-12.46
"02/05/2021 07:45:00","CAPITL",61757,65.77,-0.44,-72.12
"02/05/2021 07:45:00","CENTRL",61754,3.11,-0.06,-9.07
"02/05/2021 07:45:00","DUNWOD",61760,46.12,-0.48,-52.51
"02/05/2021 07:45:00","GENESE",61753,1.17,0.14,-6.94
"02/05/2021 07:45:00","H Q",61844,-5.75,0.15,0.00
"02/05/2021 07:45:00","HUD VL",61758,45.68,-0.43,-52.02
"02/05/2021 07:45:00","LONGIL",61762,45.99,-0.62,-52.51
"02/05/2021 07:45:00","MHK VL",61756,3.90,-0.24,-10.05
"02/05/2021 07:45:00","MILLWD",61759,46.75,-0.47,-53.12
"02/05/2021 07:45:00","N.Y.C.",61761,46.08,-0.51,-52.50
"02/05/2021 07:45:00","NORTH",61755,-5.75,0.15,0.00
"02/05/2021 07:45:00","NPX",61845,81.63,-0.42,-87.95
"02/05/2021 07:45:00","O H",61846,2.98,0.44,-8.44
"02/05/2021 07:45:00","PJM",61847,26.60,-0.07,-32.57
"02/05/2021 07:45:00","WEST",61752,3.48,0.30,-9.09
"02/05/2021 07:50:00","CAPITL",61757,109.21,-0.36,-114.34
"02/05/2021 07:50:00","CENTRL",61754,9.58,-0.04,-14.39
"02/05/2021 07:50:00","DUNWOD",61760,78.10,-0.39,-83.25
"02/05/2021 07:50:00","GENESE",61753,6.37,0.13,-11.00
"02/05/2021 07:50:00","H Q",61844,-4.64,0.12,0.00
"02/05/2021 07:50:00","HUD VL",61758,77.36,-0.35,-82.47
"02/05/2021 07:50:00","LONGIL",61762,77.99,-0.50,-83.25
"02/05/2021 07:50:00","MHK VL",61756,10.97,-0.19,-15.93
"02/05/2021 07:50:00","MILLWD",61759,79.07,-0.38,-84.22
"02/05/2021 07:50:00","N.Y.C.",61761,78.06,-0.41,-83.24
"02/05/2021 07:50:00","NORTH",61755,-4.64,0.13,0.00
"02/05/2021 07:50:00","NPX",61845,125.50,-0.34,-130.61
"02/05/2021 07:50:00","O H",61846,9.00,0.39,-13.38
"02/05/2021 07:50:00","PJM",61847,46.82,-0.05,-51.64
"02/05/2021 07:50:00","WEST",61752,9.92,0.27,-14.42
"02/05/2021 07:55:00","CAPITL",61757,134.37,-0.64,-143.47
"02/05/2021 07:55:00","CENTRL",61754,9.51,-0.08,-18.05
"02/05/2021 07:55:00","DUNWOD",61760,95.31,-0.69,-104.47
"02/05/2021 07:55:00","GENESE",61753,5.56,0.22,-13.81
"02/05/2021 07:55:00","H Q",61844,-8.25,0.22,0.00
"02/05/2021 07:55:00","HUD VL",61758,94.40,-0.62,-103.48
"02/05/2021 07:55:00","LONGIL",61762,95.13,-0.87,-104.47
"02/05/2021 07:55:00","MHK VL",61756,11.19,-0.34,-19.99
"02/05/2021 07:55:00","MILLWD",61759,96.55,-0.67,-105.68
"02/05/2021 07:55:00","N.Y.C.",61761,95.25,-0.74,-104.45
"02/05/2021 07:55:00","NORTH",61755,-8.23,0.24,0.00
"02/05/2021 07:55:00","NPX",61845,146.60,-0.60,-155.66
"02/05/2021 07:55:00","O H",61846,8.98,0.66,-16.79
"02/05/2021 07:55:00","PJM",61847,56.24,-0.09,-64.80
"02/05/2021 07:55:00","WEST",61752,10.06,0.44,-18.09
"02/05/2021 08:00:00","CAPITL",61757,134.96,-1.24,-152.59
"02/05/2021 08:00:00","CENTRL",61754,3.06,-0.12,-19.56
"02/05/2021 08:00:00","DUNWOD",61760,93.31,-1.31,-111.01
"02/05/2021 08:00:00","GENESE",61753,-1.13,0.48,-14.78
"02/05/2021 08:00:00","H Q",61844,-15.99,0.39,0.00
"02/05/2021 08:00:00","HUD VL",61758,92.52,-1.16,-110.07
"02/05/2021 08:00:00","LONGIL",61762,92.95,-1.67,-111.00
"02/05/2021 08:00:00","MHK VL",61756,3.94,-0.66,-20.98
"02/05/2021 08:00:00","MILLWD",61759,94.68,-1.28,-112.34
"02/05/2021 08:00:00","N.Y.C.",61761,93.21,-1.39,-110.98
"02/05/2021 08:00:00","NORTH",61755,-16.14,0.25,0.00
"02/05/2021 08:00:00","NPX",61845,145.95,-1.15,-163.48
"02/05/2021 08:00:00","O H",61846,2.91,1.36,-17.94
"02/05/2021 08:00:00","PJM",61847,52.36,-0.12,-68.86
"02/05/2021 08:00:00","WEST",61752,3.89,0.95,-19.32
"02/05/2021 08:05:00","CAPITL",61757,136.82,-3.48,-185.50
"02/05/2021 08:05:00","CENTRL",61754,-22.65,-0.45,-23.00
"02/05/2021 08:05:00","DUNWOD",61760,86.69,-3.62,-135.50
"02/05/2021 08:05:00","GENESE",61753,-26.68,1.04,-17.48
"02/05/2021 08:05:00","H Q",61844,-44.02,1.18,0.00
"02/05/2021 08:05:00","HUD VL",61758,86.06,-3.26,-134.52
"02/05/2021 08:05:00","LONGIL",61762,85.56,-4.74,-135.50
"02/05/2021 08:05:00","MHK VL",61756,-22.43,-1.85,-24.62
"02/05/2021 08:05:00","MILLWD",61759,88.39,-3.53,-137.11
"02/05/2021 08:05:00","N.Y.C.",61761,86.39,-3.89,-135.48
"02/05/2021 08:05:00","NORTH",61755,-44.34,0.86,0.00
"02/05/2021 08:05:00","NPX",61845,122.79,-3.16,-171.15
"02/05/2021 08:05:00","O H",61846,-20.63,3.34,-21.22
"02/05/2021 08:05:00","PJM",61847,38.06,-0.45,-83.71
"02/05/2021 08:05:00","WEST",61752,-20.17,2.17,-22.86
"02/05/2021 08:10:00","CAPITL",61757,134.84,-1.19,-151.88
"02/05/2021 08:10:00","CENTRL",61754,3.04,-0.05,-18.93
"02/05/2021 08:10:00","DUNWOD",61760,93.78,-1.27,-110.90
"02/05/2021 08:10:00","GENESE",61753,-1.04,0.51,-14.30
"02/05/2021 08:10:00","H Q",61844,-15.49,0.36,0.00
"02/05/2021 08:10:00","HUD VL",61758,93.16,-1.13,-110.13
"02/05/2021 08:10:00","LONGIL",61762,93.43,-1.62,-110.90
"02/05/2021 08:10:00","MHK VL",61756,3.45,-0.63,-19.93
"02/05/2021 08:10:00","MILLWD",61759,95.15,-1.24,-112.24
"02/05/2021 08:10:00","N.Y.C.",61761,93.66,-1.36,-110.88
"02/05/2021 08:10:00","NORTH",61755,-15.72,0.13,0.00
"02/05/2021 08:10:00","NPX",61845,125.20,-1.09,-142.14
"02/05/2021 08:10:00","O H",61846,2.92,1.39,-17.37
"02/05/2021 08:10:00","PJM",61847,52.63,-0.03,-68.51
"02/05/2021 08:10:00","WEST",61752,3.90,1.03,-18.72
"02/05/2021 08:15:00","CAPITL",61757,119.79,-1.05,-134.35
"02/05/2021 08:15:00","CENTRL",61754,3.11,-0.14,-16.75
"02/05/2021 08:15:00","DUNWOD",61760,83.50,-1.09,-98.10
"02/05/2021 08:15:00","GENESE",61753,-0.52,0.34,-12.65
"02/05/2021 08:15:00","H Q",61844,-13.14,0.36,0.00
"02/05/2021 08:15:00","HUD VL",61758,82.95,-0.97,-97.42
"02/05/2021 08:15:00","LONGIL",61762,83.16,-1.43,-98.10
"02/05/2021 08:15:00","MHK VL",61756,3.56,-0.57,-17.63
"02/05/2021 08:15:00","MILLWD",61759,84.71,-1.07,-99.28
"02/05/2021 08:15:00","N.Y.C.",61761,83.07,-1.16,-97.73
"02/05/2021 08:15:00","NORTH",61755,-13.22,0.28,0.00
"02/05/2021 08:15:00","NPX",61845,112.59,-0.96,-127.05
"02/05/2021 08:15:00","O H",61846,2.92,1.05,-15.37
"02/05/2021 08:15:00","PJM",61847,46.08,-0.14,-59.72
"02/05/2021 08:15:00","WEST",61752,3.76,0.70,-16.56
"02/05/2021 08:20:00","CAPITL",61757,115.09,-1.02,-128.88
"02/05/2021 08:20:00","CENTRL",61754,3.16,-0.14,-16.07
"02/05/2021 08:20:00","DUNWOD",61760,80.27,-1.07,-94.11
"02/05/2021 08:20:00","GENESE",61753,-0.34,0.29,-12.13
"02/05/2021 08:20:00","H Q",61844,-12.39,0.37,0.00
"02/05/2021 08:20:00","HUD VL",61758,79.75,-0.94,-93.45
"02/05/2021 08:20:00","LONGIL",61762,79.92,-1.42,-94.10
"02/05/2021 08:20:00","MHK VL",61756,3.60,-0.55,-16.91
"02/05/2021 08:20:00","MILLWD",61759,81.45,-1.03,-95.24
"02/05/2021 08:20:00","N.Y.C.",61761,79.93,-1.14,-93.83
"02/05/2021 08:20:00","NORTH",61755,-12.42,0.34,0.00
"02/05/2021 08:20:00","NPX",61845,97.25,-0.93,-110.95
"02/05/2021 08:20:00","O H",61846,2.94,0.96,-14.74
"02/05/2021 08:20:00","PJM",61847,44.56,-0.15,-57.48
"02/05/2021 08:20:00","WEST",61752,3.74,0.63,-15.88
"02/05/2021 08:25:00","CAPITL",61757,115.71,-1.10,-131.12
"02/05/2021 08:25:00","CENTRL",61754,1.97,-0.07,-16.34
"02/05/2021 08:25:00","DUNWOD",61760,80.27,-1.17,-95.74
"02/05/2021 08:25:00","GENESE",61753,-1.53,0.43,-12.35
"02/05/2021 08:25:00","H Q",61844,-13.95,0.36,0.00
"02/05/2021 08:25:00","HUD VL",61758,79.73,-1.04,-95.08
"02/05/2021 08:25:00","LONGIL",61762,79.90,-1.53,-95.74
"02/05/2021 08:25:00","MHK VL",61756,2.32,-0.59,-17.21
"02/05/2021 08:25:00","MILLWD",61759,81.46,-1.13,-96.90
"02/05/2021 08:25:00","N.Y.C.",61761,80.17,-1.24,-95.72
"02/05/2021 08:25:00","NORTH",61755,-14.05,0.26,0.00
"02/05/2021 08:25:00","NPX",61845,97.56,-1.02,-112.88
"02/05/2021 08:25:00","O H",61846,1.91,1.22,-15.00
"02/05/2021 08:25:00","PJM",61847,44.77,-0.07,-59.15
"02/05/2021 08:25:00","WEST",61752,2.73,0.87,-16.16
"02/05/2021 08:30:00","CAPITL",61757,80.61,-0.82,-91.72
"02/05/2021 08:30:00","CENTRL",61754,1.02,-0.12,-11.43
"02/05/2021 08:30:00","DUNWOD",61760,55.83,-0.85,-66.97
"02/05/2021 08:30:00","GENESE",61753,-1.44,0.22,-8.64
"02/05/2021 08:30:00","H Q",61844,-9.99,0.30,0.00
"02/05/2021 08:30:00","HUD VL",61758,55.46,-0.76,-66.51
"02/05/2021 08:30:00","LONGIL",61762,55.55,-1.13,-66.97
"02/05/2021 08:30:00","MHK VL",61756,1.33,-0.42,-12.04
"02/05/2021 08:30:00","MILLWD",61759,56.66,-0.83,-67.78
"02/05/2021 08:30:00","N.Y.C.",61761,55.33,-0.91,-66.52
"02/05/2021 08:30:00","NORTH",61755,-9.99,0.30,0.00
"02/05/2021 08:30:00","NPX",61845,67.93,-0.74,-78.96
"02/05/2021 08:30:00","O H",61846,0.94,0.74,-10.49
"02/05/2021 08:30:00","PJM",61847,30.30,-0.13,-40.72
"02/05/2021 08:30:00","WEST",61752,1.48,0.46,-11.30
"02/05/2021 08:35:00","CAPITL",61757,79.50,-0.61,-87.62
"02/05/2021 08:35:00","CENTRL",61754,3.29,-0.13,-10.92
"02/05/2021 08:35:00","DUNWOD",61760,55.84,-0.63,-63.98
"02/05/2021 08:35:00","GENESE",61753,0.84,0.10,-8.25
"02/05/2021 08:35:00","H Q",61844,-7.28,0.22,0.00
"02/05/2021 08:35:00","HUD VL",61758,55.47,-0.56,-63.53
"02/05/2021 08:35:00","LONGIL",61762,62.22,-0.84,-70.56
"02/05/2021 08:35:00","MHK VL",61756,3.67,-0.32,-11.50
"02/05/2021 08:35:00","MILLWD",61759,56.63,-0.62,-64.75
"02/05/2021 08:35:00","N.Y.C.",61761,55.35,-0.68,-63.53
"02/05/2021 08:35:00","NORTH",61755,-7.26,0.24,0.00
"02/05/2021 08:35:00","NPX",61845,70.91,-0.55,-78.96
"02/05/2021 08:35:00","O H",61846,2.96,0.44,-10.02
"02/05/2021 08:35:00","PJM",61847,31.22,-0.14,-38.87
"02/05/2021 08:35:00","WEST",61752,3.53,0.24,-10.80
"02/05/2021 08:40:00","CAPITL",61757,104.71,-0.89,-116.87
"02/05/2021 08:40:00","CENTRL",61754,3.19,-0.11,-14.57
"02/05/2021 08:40:00","DUNWOD",61760,73.15,-0.92,-85.34
"02/05/2021 08:40:00","GENESE",61753,-0.02,0.25,-11.00
"02/05/2021 08:40:00","H Q",61844,-10.95,0.32,0.00
"02/05/2021 08:40:00","HUD VL",61758,72.66,-0.82,-84.75
"02/05/2021 08:40:00","LONGIL",61762,77.99,-1.24,-90.50
"02/05/2021 08:40:00","MHK VL",61756,3.60,-0.47,-15.34
"02/05/2021 08:40:00","MILLWD",61759,74.20,-0.90,-86.37
"02/05/2021 08:40:00","N.Y.C.",61761,73.07,-0.98,-85.32
"02/05/2021 08:40:00","NORTH",61755,-10.98,0.29,0.00
"02/05/2021 08:40:00","NPX",61845,92.07,-0.80,-104.14
"02/05/2021 08:40:00","O H",61846,2.94,0.85,-13.37
"02/05/2021 08:40:00","PJM",61847,41.34,-0.11,-52.72
"02/05/2021 08:40:00","WEST",61752,3.69,0.55,-14.40
"02/05/2021 08:45:00","CAPITL",61757,78.76,-0.60,-86.94
"02/05/2021 08:45:00","CENTRL",61754,3.18,-0.08,-10.84
"02/05/2021 08:45:00","DUNWOD",61760,55.28,-0.62,-63.48
"02/05/2021 08:45:00","GENESE",61753,0.79,0.18,-8.19
"02/05/2021 08:45:00","H Q",61844,-7.36,0.21,0.00
"02/05/2021 08:45:00","HUD VL",61758,54.91,-0.55,-63.04
"02/05/2021 08:45:00","LONGIL",61762,56.83,-0.84,-65.24
"02/05/2021 08:45:00","MHK VL",61756,3.52,-0.31,-11.41
"02/05/2021 08:45:00","MILLWD",61759,56.07,-0.61,-64.25
"02/05/2021 08:45:00","N.Y.C.",61761,55.23,-0.66,-63.47
"02/05/2021 08:45:00","NORTH",61755,-7.39,0.19,0.00
"02/05/2021 08:45:00","NPX",61845,70.25,-0.55,-78.38
"02/05/2021 08:45:00","O H",61846,2.97,0.60,-9.94
"02/05/2021 08:45:00","PJM",61847,31.57,-0.08,-39.22
"02/05/2021 08:45:00","WEST",61752,3.53,0.39,-10.71
"02/05/2021 08:50:00","CAPITL",61757,119.36,-1.06,-134.04
"02/05/2021 08:50:00","CENTRL",61754,3.01,-0.08,-16.71
"02/05/2021 08:50:00","DUNWOD",61760,83.16,-1.10,-97.87
"02/05/2021 08:50:00","GENESE",61753,-0.57,0.42,-12.62
"02/05/2021 08:50:00","H Q",61844,-13.26,0.35,0.00
"02/05/2021 08:50:00","HUD VL",61758,82.60,-0.98,-97.20
"02/05/2021 08:50:00","LONGIL",61762,82.76,-1.50,-97.87
"02/05/2021 08:50:00","MHK VL",61756,3.41,-0.57,-17.59
"02/05/2021 08:50:00","MILLWD",61759,84.37,-1.08,-99.05
"02/05/2021 08:50:00","N.Y.C.",61761,83.07,-1.17,-97.85
"02/05/2021 08:50:00","NORTH",61755,-13.38,0.23,0.00
"02/05/2021 08:50:00","NPX",61845,106.41,-0.97,-120.99
"02/05/2021 08:50:00","O H",61846,2.93,1.21,-15.33
"02/05/2021 08:50:00","PJM",61847,46.77,-0.08,-60.46
"02/05/2021 08:50:00","WEST",61752,3.75,0.84,-16.52
"02/05/2021 08:55:00","CAPITL",61757,108.30,-0.80,-119.41
"02/05/2021 08:55:00","CENTRL",61754,4.50,-0.07,-14.89
"02/05/2021 08:55:00","DUNWOD",61760,76.04,-0.85,-87.19
"02/05/2021 08:55:00","GENESE",61753,1.23,0.30,-11.24
"02/05/2021 08:55:00","H Q",61844,-10.03,0.28,0.00
"02/05/2021 08:55:00","HUD VL",61758,75.53,-0.75,-86.59
"02/05/2021 08:55:00","LONGIL",61762,75.74,-1.14,-87.19
"02/05/2021 08:55:00","MHK VL",61756,4.93,-0.43,-15.67
"02/05/2021 08:55:00","MILLWD",61759,77.11,-0.83,-88.25
"02/05/2021 08:55:00","N.Y.C.",61761,75.97,-0.90,-87.18
"02/05/2021 08:55:00","NORTH",61755,-10.10,0.21,0.00
"02/05/2021 08:55:00","NPX",61845,97.36,-0.73,-108.40
"02/05/2021 08:55:00","O H",61846,4.21,0.87,-13.66
"02/05/2021 08:55:00","PJM",61847,43.47,-0.08,-53.87
"02/05/2021 08:55:00","WEST",61752,5.00,0.60,-14.72
"02/05/2021 09:00:00","CAPITL",61757,83.83,-0.82,-95.03
"02/05/2021 09:00:00","CENTRL",61754,1.38,-0.09,-11.85
"02/05/2021 09:00:00","DUNWOD",61760,58.17,-0.85,-69.39
"02/05/2021 09:00:00","GENESE",61753,-1.19,0.24,-8.95
"02/05/2021 09:00:00","H Q",61844,-10.08,0.29,0.00
"02/05/2021 09:00:00","HUD VL",61758,57.78,-0.76,-68.91
"02/05/2021 09:00:00","LONGIL",61762,62.16,-1.16,-73.70
"02/05/2021 09:00:00","MHK VL",61756,1.65,-0.45,-12.47
"02/05/2021 09:00:00","MILLWD",61759,59.02,-0.83,-70.23
"02/05/2021 09:00:00","N.Y.C.",61761,58.10,-0.90,-69.37
"02/05/2021 09:00:00","NORTH",61755,-10.10,0.27,0.00
"02/05/2021 09:00:00","NPX",61845,76.29,-0.75,-87.41
"02/05/2021 09:00:00","O H",61846,1.27,0.78,-10.87
"02/05/2021 09:00:00","PJM",61847,32.39,-0.10,-42.87
"02/05/2021 09:00:00","WEST",61752,1.85,0.51,-11.71
"02/05/2021 09:05:00","CAPITL",61757,79.83,-0.81,-90.91
"02/05/2021 09:05:00","CENTRL",61754,0.98,-0.08,-11.33
"02/05/2021 09:05:00","DUNWOD",61760,55.28,-0.84,-66.38
"02/05/2021 09:05:00","GENESE",61753,-1.44,0.27,-8.56
"02/05/2021 09:05:00","H Q",61844,-9.98,0.29,0.00
"02/05/2021 09:05:00","HUD VL",61758,54.91,-0.75,-65.92
"02/05/2021 09:05:00","LONGIL",61762,62.17,-1.15,-73.58
"02/05/2021 09:05:00","MHK VL",61756,1.22,-0.44,-11.93
"02/05/2021 09:05:00","MILLWD",61759,56.10,-0.82,-67.18
"02/05/2021 09:05:00","N.Y.C.",61761,55.21,-0.89,-66.37
"02/05/2021 09:05:00","NORTH",61755,-10.02,0.25,0.00
"02/05/2021 09:05:00","NPX",61845,98.78,-0.73,-109.78
"02/05/2021 09:05:00","O H",61846,0.94,0.81,-10.40
"02/05/2021 09:05:00","PJM",61847,30.65,-0.09,-41.01
"02/05/2021 09:05:00","WEST",61752,1.48,0.54,-11.20
"02/05/2021 09:10:00","CAPITL",61757,111.88,-0.97,-125.40
"02/05/2021 09:10:00","CENTRL",61754,2.95,-0.04,-15.55
"02/05/2021 09:10:00","DUNWOD",61760,78.03,-1.03,-91.62
"02/05/2021 09:10:00","GENESE",61753,-0.33,0.41,-11.82
"02/05/2021 09:10:00","H Q",61844,-12.24,0.31,0.00
"02/05/2021 09:10:00","HUD VL",61758,77.46,-0.92,-90.93
"02/05/2021 09:10:00","LONGIL",61762,77.68,-1.38,-91.62
"02/05/2021 09:10:00","MHK VL",61756,3.81,-0.50,-16.87
"02/05/2021 09:10:00","MILLWD",61759,79.15,-0.99,-92.70
"02/05/2021 09:10:00","N.Y.C.",61761,77.95,-1.09,-91.60
"02/05/2021 09:10:00","NORTH",61755,-12.39,0.16,0.00
"02/05/2021 09:10:00","NPX",61845,126.09,-0.88,-139.53
"02/05/2021 09:10:00","O H",61846,2.94,1.14,-14.35
"02/05/2021 09:10:00","PJM",61847,44.00,-0.04,-56.60
"02/05/2021 09:10:00","WEST",61752,3.75,0.82,-15.49
"02/05/2021 09:15:00","CAPITL",61757,119.61,-1.07,-134.39
"02/05/2021 09:15:00","CENTRL",61754,2.91,-0.04,-16.66
"02/05/2021 09:15:00","DUNWOD",61760,83.36,-1.11,-98.18
"02/05/2021 09:15:00","GENESE",61753,-0.59,0.45,-12.66
"02/05/2021 09:15:00","H Q",61844,-13.37,0.34,0.00
"02/05/2021 09:15:00","HUD VL",61758,82.75,-0.99,-97.45
"02/05/2021 09:15:00","LONGIL",61762,83.02,-1.45,-98.18
"02/05/2021 09:15:00","MHK VL",61756,3.81,-0.55,-18.08
"02/05/2021 09:15:00","MILLWD",61759,84.55,-1.08,-99.34
"02/05/2021 09:15:00","N.Y.C.",61761,83.26,-1.19,-98.16
"02/05/2021 09:15:00","NORTH",61755,-13.53,0.18,0.00
"02/05/2021 09:15:00","NPX",61845,132.60,-0.96,-147.27
"02/05/2021 09:15:00","O H",61846,2.93,1.26,-15.38
"02/05/2021 09:15:00","PJM",61847,46.90,-0.04,-60.66
"02/05/2021 09:15:00","WEST",61752,3.78,0.89,-16.60
"02/05/2021 09:20:00","CAPITL",61757,132.84,-1.24,-149.74
"02/05/2021 09:20:00","CENTRL",61754,2.84,-0.06,-18.56
"02/05/2021 09:20:00","DUNWOD",61760,92.45,-1.28,-109.40
"02/05/2021 09:20:00","GENESE",61753,-1.03,0.52,-14.11
"02/05/2021 09:20:00","H Q",61844,-15.27,0.39,0.00
"02/05/2021 09:20:00","HUD VL",61758,91.77,-1.14,-108.58
"02/05/2021 09:20:00","LONGIL",61762,92.06,-1.68,-109.39
"02/05/2021 09:20:00","MHK VL",61756,3.85,-0.63,-20.14
"02/05/2021 09:20:00","MILLWD",61759,93.78,-1.25,-110.69
"02/05/2021 09:20:00","N.Y.C.",61761,92.35,-1.36,-109.37
"02/05/2021 09:20:00","NORTH",61755,-15.44,0.22,0.00
"02/05/2021 09:20:00","NPX",61845,148.53,-1.11,-165.30
"02/05/2021 09:20:00","O H",61846,2.90,1.42,-17.14
"02/05/2021 09:20:00","PJM",61847,51.83,-0.09,-67.58
"02/05/2021 09:20:00","WEST",61752,3.83,0.99,-18.50
"02/05/2021 09:25:00","CAPITL",61757,134.75,-1.24,-152.16
"02/05/2021 09:25:00","CENTRL",61754,2.62,-0.08,-18.87
"02/05/2021 09:25:00","DUNWOD",61760,93.71,-1.28,-111.16
"02/05/2021 09:25:00","GENESE",61753,-1.18,0.50,-14.49
"02/05/2021 09:25:00","H Q",61844,-15.78,0.39,0.00
"02/05/2021 09:25:00","HUD VL",61758,93.02,-1.13,-110.32
"02/05/2021 09:25:00","LONGIL",61762,93.31,-1.68,-111.15
"02/05/2021 09:25:00","MHK VL",61756,3.60,-0.66,-20.43
"02/05/2021 09:25:00","MILLWD",61759,95.06,-1.24,-112.47
"02/05/2021 09:25:00","N.Y.C.",61761,93.61,-1.36,-111.13
"02/05/2021 09:25:00","NORTH",61755,-16.07,0.10,0.00
"02/05/2021 09:25:00","NPX",61845,150.11,-1.10,-167.38
"02/05/2021 09:25:00","O H",61846,2.92,1.41,-17.68
"02/05/2021 09:25:00","PJM",61847,52.61,-0.11,-68.89
"02/05/2021 09:25:00","WEST",61752,3.84,0.92,-19.09
"02/05/2021 09:30:00","CAPITL",61757,123.84,-1.24,-139.73
"02/05/2021 09:30:00","CENTRL",61754,2.61,-0.07,-17.32
"02/05/2021 09:30:00","DUNWOD",61760,86.25,-1.19,-102.07
"02/05/2021 09:30:00","GENESE",61753,-0.85,0.48,-13.31
"02/05/2021 09:30:00","H Q",61844,-14.29,0.35,0.00
"02/05/2021 09:30:00","HUD VL",61758,85.61,-1.05,-101.31
"02/05/2021 09:30:00","LONGIL",61762,85.85,-1.58,-102.07
"02/05/2021 09:30:00","MHK VL",61756,3.52,-0.60,-18.76
"02/05/2021 09:30:00","MILLWD",61759,87.50,-1.14,-103.28
"02/05/2021 09:30:00","N.Y.C.",61761,86.15,-1.26,-102.05
"02/05/2021 09:30:00","NORTH",61755,-14.55,0.09,0.00
"02/05/2021 09:30:00","NPX",61845,141.01,-1.02,-156.67
"02/05/2021 09:30:00","O H",61846,2.92,1.32,-16.24
"02/05/2021 09:30:00","PJM",61847,48.52,-0.10,-63.26
"02/05/2021 09:30:00","WEST",61752,3.77,0.88,-17.53
"02/05/2021 09:35:00","CAPITL",61757,123.61,-1.21,-138.90
"02/05/2021 09:35:00","CENTRL",61754,3.09,-0.06,-17.22
"02/05/2021 09:35:00","DUNWOD",61760,86.25,-1.14,-101.47
"02/05/2021 09:35:00","GENESE",61753,-0.36,0.49,-13.23
"02/05/2021 09:35:00","H Q",61844,-13.75,0.32,0.00
"02/05/2021 09:35:00","HUD VL",61758,85.61,-1.01,-100.70
"02/05/2021 09:35:00","LONGIL",61762,85.87,-1.52,-101.46
"02/05/2021 09:35:00","MHK VL",61756,4.00,-0.58,-18.65
"02/05/2021 09:35:00","MILLWD",61759,87.49,-1.10,-102.66
"02/05/2021 09:35:00","N.Y.C.",61761,86.16,-1.21,-101.45
"02/05/2021 09:35:00","NORTH",61755,-13.96,0.11,0.00
"02/05/2021 09:35:00","NPX",61845,133.75,-0.98,-148.81
"02/05/2021 09:35:00","O H",61846,3.40,1.34,-16.14
"02/05/2021 09:35:00","PJM",61847,48.73,-0.07,-62.88
"02/05/2021 09:35:00","WEST",61752,4.26,0.91,-17.43
"02/05/2021 09:40:00","CAPITL",61757,121.08,-1.22,-136.45
"02/05/2021 09:40:00","CENTRL",61754,2.72,-0.04,-16.92
"02/05/2021 09:40:00","DUNWOD",61760,84.38,-1.15,-99.68
"02/05/2021 09:40:00","GENESE",61753,-0.74,0.42,-12.99
"02/05/2021 09:40:00","H Q",61844,-13.82,0.34,0.00
"02/05/2021 09:40:00","HUD VL",61758,83.76,-1.02,-98.93
"02/05/2021 09:40:00","LONGIL",61762,83.99,-1.53,-99.68
"02/05/2021 09:40:00","MHK VL",61756,3.58,-0.58,-18.32
"02/05/2021 09:40:00","MILLWD",61759,85.60,-1.10,-100.86
"02/05/2021 09:40:00","N.Y.C.",61761,84.29,-1.22,-99.66
"02/05/2021 09:40:00","NORTH",61755,-13.99,0.17,0.00
"02/05/2021 09:40:00","NPX",61845,131.54,-1.01,-146.70
"02/05/2021 09:40:00","O H",61846,2.93,1.23,-15.86
"02/05/2021 09:40:00","PJM",61847,47.56,-0.06,-61.77
"02/05/2021 09:40:00","WEST",61752,3.83,0.86,-17.12
"02/05/2021 09:42:43","CAPITL",61757,83.67,-0.88,-94.80
"02/05/2021 09:42:43","CENTRL",61754,1.45,-0.06,-11.75
"02/05/2021 09:42:43","DUNWOD",61760,58.17,-0.84,-69.25
"02/05/2021 09:42:43","GENESE",61753,-0.95,0.27,-9.03
"02/05/2021 09:42:43","H Q",61844,-9.99,0.26,0.00
"02/05/2021 09:42:43","HUD VL",61758,57.74,-0.75,-68.73
"02/05/2021 09:42:43","LONGIL",61762,57.88,-1.13,-69.25
"02/05/2021 09:42:43","MHK VL",61756,2.06,-0.42,-12.73
"02/05/2021 09:42:43","MILLWD",61759,59.01,-0.81,-70.07
"02/05/2021 09:42:43","N.Y.C.",61761,58.11,-0.88,-69.24
"02/05/2021 09:42:43","NORTH",61755,-10.06,0.18,0.00
"02/05/2021 09:42:43","NPX",61845,99.85,-0.73,-110.83
"02/05/2021 09:42:43","O H",61846,1.58,0.81,-11.02
"02/05/2021 09:42:43","PJM",61847,32.59,-0.08,-42.92
"02/05/2021 09:42:43","WEST",61752,2.18,0.53,-11.89
"02/05/2021 09:44:13","CAPITL",61757,79.75,-0.89,-91.02
"02/05/2021 09:44:13","CENTRL",61754,0.85,-0.06,-11.29
"02/05/2021 09:44:13","DUNWOD",61760,55.27,-0.84,-66.49
"02/05/2021 09:44:13","GENESE",61753,-1.49,0.22,-8.67
"02/05/2021 09:44:13","H Q",61844,-10.11,0.27,0.00
"02/05/2021 09:44:13","HUD VL",61758,54.87,-0.75,-65.99
"02/05/2021 09:44:13","LONGIL",61762,58.92,-1.15,-70.45
"02/05/2021 09:44:13","MHK VL",61756,1.43,-0.42,-12.22
"02/05/2021 09:44:13","MILLWD",61759,56.08,-0.82,-67.28
"02/05/2021 09:44:13","N.Y.C.",61761,55.22,-0.88,-66.48
"02/05/2021 09:44:13","NORTH",61755,-10.19,0.19,0.00
"02/05/2021 09:44:13","NPX",61845,74.27,-0.73,-85.37
"02/05/2021 09:44:13","O H",61846,0.95,0.75,-10.58
"02/05/2021 09:44:13","PJM",61847,30.73,-0.10,-41.21
"02/05/2021 09:44:13","WEST",61752,1.52,0.48,-11.42
"02/05/2021 09:45:00","CAPITL",61757,83.90,-0.94,-95.77
"02/05/2021 09:45:00","CENTRL",61754,0.87,-0.08,-11.87
"02/05/2021 09:45:00","DUNWOD",61760,58.16,-0.87,-69.96
"02/05/2021 09:45:00","GENESE",61753,-1.60,0.21,-9.12
"02/05/2021 09:45:00","H Q",61844,-10.64,0.28,0.00
"02/05/2021 09:45:00","HUD VL",61758,57.73,-0.78,-69.44
"02/05/2021 09:45:00","LONGIL",61762,58.92,-1.20,-71.05
"02/05/2021 09:45:00","MHK VL",61756,1.49,-0.44,-12.86
"02/05/2021 09:45:00","MILLWD",61759,59.01,-0.85,-70.79
"02/05/2021 09:45:00","N.Y.C.",61761,58.10,-0.92,-69.95
"02/05/2021 09:45:00","NORTH",61755,-10.71,0.22,0.00
"02/05/2021 09:45:00","NPX",61845,77.77,-0.76,-89.47
"02/05/2021 09:45:00","O H",61846,0.95,0.74,-11.13
"02/05/2021 09:45:00","PJM",61847,32.32,-0.11,-43.36
"02/05/2021 09:45:00","WEST",61752,1.55,0.46,-12.02
"02/05/2021 09:50:00","CAPITL",61757,83.90,-0.94,-95.77
"02/05/2021 09:50:00","CENTRL",61754,0.87,-0.08,-11.87
"02/05/2021 09:50:00","DUNWOD",61760,58.16,-0.87,-69.96
"02/05/2021 09:50:00","GENESE",61753,-1.60,0.21,-9.12
"02/05/2021 09:50:00","H Q",61844,-10.64,0.28,0.00
"02/05/2021 09:50:00","HUD VL",61758,57.73,-0.78,-69.44
"02/05/2021 09:50:00","LONGIL",61762,58.92,-1.20,-71.05
"02/05/2021 09:50:00","MHK VL",61756,1.49,-0.44,-12.86
"02/05/2021 09:50:00","MILLWD",61759,59.01,-0.85,-70.79
"02/05/2021 09:50:00","N.Y.C.",61761,58.10,-0.92,-69.95
"02/05/2021 09:50:00","NORTH",61755,-10.71,0.22,0.00
"02/05/2021 09:50:00","NPX",61845,77.77,-0.76,-89.47
"02/05/2021 09:50:00","O H",61846,0.95,0.74,-11.13
"02/05/2021 09:50:00","PJM",61847,32.32,-0.11,-43.36
"02/05/2021 09:50:00","WEST",61752,1.55,0.46,-12.02
"02/05/2021 09:55:00","CAPITL",61757,79.73,-0.89,-90.98
"02/05/2021 09:55:00","CENTRL",61754,0.85,-0.07,-11.28
"02/05/2021 09:55:00","DUNWOD",61760,55.27,-0.83,-66.46
"02/05/2021 09:55:00","GENESE",61753,-1.49,0.21,-8.66
"02/05/2021 09:55:00","H Q",61844,-10.09,0.27,0.00
"02/05/2021 09:55:00","HUD VL",61758,54.87,-0.74,-65.96
"02/05/2021 09:55:00","LONGIL",61762,56.80,-1.14,-68.30
"02/05/2021 09:55:00","MHK VL",61756,1.44,-0.41,-12.22
"02/05/2021 09:55:00","MILLWD",61759,56.08,-0.81,-67.25
"02/05/2021 09:55:00","N.Y.C.",61761,55.21,-0.88,-66.45
"02/05/2021 09:55:00","NORTH",61755,-10.15,0.21,0.00
"02/05/2021 09:55:00","NPX",61845,74.25,-0.73,-85.34
"02/05/2021 09:55:00","O H",61846,0.95,0.74,-10.57
"02/05/2021 09:55:00","PJM",61847,30.72,-0.10,-41.19
"02/05/2021 09:55:00","WEST",61752,1.51,0.46,-11.41
"02/05/2021 10:00:00","CAPITL",61757,73.77,-0.82,-84.08
"02/05/2021 10:00:00","CENTRL",61754,0.86,-0.07,-10.42
"02/05/2021 10:00:00","DUNWOD",61760,51.17,-0.76,-61.42
"02/05/2021 10:00:00","GENESE",61753,-1.30,0.19,-8.01
"02/05/2021 10:00:00","H Q",61844,-9.25,0.25,0.00
"02/05/2021 10:00:00","HUD VL",61758,50.79,-0.67,-60.96
"02/05/2021 10:00:00","LONGIL",61762,136.50,-1.01,-147.00
"02/05/2021 10:00:00","MHK VL",61756,1.41,-0.39,-11.29
"02/05/2021 10:00:00","MILLWD",61759,51.91,-0.74,-62.15
"02/05/2021 10:00:00","N.Y.C.",61761,51.13,-0.79,-61.41
"02/05/2021 10:00:00","NORTH",61755,-9.28,0.21,0.00
"02/05/2021 10:00:00","NPX",61845,69.24,-0.66,-79.39
"02/05/2021 10:00:00","O H",61846,0.94,0.66,-9.77
"02/05/2021 10:00:00","PJM",61847,28.49,-0.09,-38.06
"02/05/2021 10:00:00","WEST",61752,1.48,0.43,-10.55
"02/05/2021 10:05:00","CAPITL",61757,78.96,-0.87,-90.13
"02/05/2021 10:05:00","CENTRL",61754,0.82,-0.05,-11.18
"02/05/2021 10:05:00","DUNWOD",61760,54.73,-0.81,-65.84
"02/05/2021 10:05:00","GENESE",61753,-1.49,0.23,-8.58
"02/05/2021 10:05:00","H Q",61844,-10.04,0.26,0.00
"02/05/2021 10:05:00","HUD VL",61758,54.33,-0.72,-65.35
"02/05/2021 10:05:00","LONGIL",61762,120.01,-1.08,-131.39
"02/05/2021 10:05:00","MHK VL",61756,1.39,-0.41,-12.10
"02/05/2021 10:05:00","MILLWD",61759,55.53,-0.79,-66.62
"02/05/2021 10:05:00","N.Y.C.",61761,54.68,-0.84,-65.83
"02/05/2021 10:05:00","NORTH",61755,-10.09,0.21,0.00
"02/05/2021 10:05:00","NPX",61845,105.81,-0.71,-116.82
"02/05/2021 10:05:00","O H",61846,0.94,0.76,-10.47
"02/05/2021 10:05:00","PJM",61847,30.43,-0.07,-40.80
"02/05/2021 10:05:00","WEST",61752,1.51,0.50,-11.31
"02/05/2021 10:10:00","CAPITL",61757,52.01,-0.53,-58.82
"02/05/2021 10:10:00","CENTRL",61754,0.95,-0.06,-7.29
"02/05/2021 10:10:00","DUNWOD",61760,36.26,-0.52,-43.05
"02/05/2021 10:10:00","GENESE",61753,-0.58,0.09,-5.61
"02/05/2021 10:10:00","H Q",61844,-6.12,0.16,0.00
"02/05/2021 10:10:00","HUD VL",61758,36.02,-0.46,-42.76
"02/05/2021 10:10:00","LONGIL",61762,95.86,-0.68,-102.82
"02/05/2021 10:10:00","MHK VL",61756,1.34,-0.26,-7.88
"02/05/2021 10:10:00","MILLWD",61759,36.78,-0.50,-43.57
"02/05/2021 10:10:00","N.Y.C.",61761,36.22,-0.55,-43.05
"02/05/2021 10:10:00","NORTH",61755,-6.15,0.13,0.00
"02/05/2021 10:10:00","NPX",61845,83.23,-0.45,-89.95
"02/05/2021 10:10:00","O H",61846,0.96,0.39,-6.85
"02/05/2021 10:10:00","PJM",61847,20.32,-0.08,-26.68
"02/05/2021 10:10:00","WEST",61752,1.33,0.23,-7.39
"02/05/2021 10:15:00","CAPITL",61757,67.90,-0.55,-75.04
"02/05/2021 10:15:00","CENTRL",61754,2.67,-0.04,-9.30
"02/05/2021 10:15:00","DUNWOD",61760,47.78,-0.54,-54.90
"02/05/2021 10:15:00","GENESE",61753,0.72,0.14,-7.16
"02/05/2021 10:15:00","H Q",61844,-6.42,0.16,0.00
"02/05/2021 10:15:00","HUD VL",61758,47.48,-0.48,-54.55
"02/05/2021 10:15:00","LONGIL",61762,95.86,-0.71,-103.16
"02/05/2021 10:15:00","MHK VL",61756,3.19,-0.28,-10.05
"02/05/2021 10:15:00","MILLWD",61759,48.43,-0.52,-55.53
"02/05/2021 10:15:00","N.Y.C.",61761,47.73,-0.57,-54.89
"02/05/2021 10:15:00","NORTH",61755,-6.46,0.13,0.00
"02/05/2021 10:15:00","NPX",61845,96.89,-0.47,-103.94
"02/05/2021 10:15:00","O H",61846,2.62,0.47,-8.74
"02/05/2021 10:15:00","PJM",61847,27.38,-0.06,-34.02
"02/05/2021 10:15:00","WEST",61752,3.14,0.30,-9.42
"02/05/2021 10:20:00","CAPITL",61757,52.08,-0.54,-58.95
"02/05/2021 10:20:00","CENTRL",61754,0.92,-0.05,-7.31
"02/05/2021 10:20:00","DUNWOD",61760,36.28,-0.51,-43.13
"02/05/2021 10:20:00","GENESE",61753,-0.59,0.13,-5.62
"02/05/2021 10:20:00","H Q",61844,-6.18,0.16,0.00
"02/05/2021 10:20:00","HUD VL",61758,36.06,-0.46,-42.85
"02/05/2021 10:20:00","LONGIL",61762,109.59,-0.68,-116.61
"02/05/2021 10:20:00","MHK VL",61756,1.29,-0.27,-7.90
"02/05/2021 10:20:00","MILLWD",61759,36.79,-0.50,-43.63
"02/05/2021 10:20:00","N.Y.C.",61761,36.24,-0.54,-43.12
"02/05/2021 10:20:00","NORTH",61755,-6.22,0.12,0.00
"02/05/2021 10:20:00","NPX",61845,98.10,-0.45,-104.89
"02/05/2021 10:20:00","O H",61846,0.96,0.44,-6.86
"02/05/2021 10:20:00","PJM",61847,20.31,-0.08,-26.73
"02/05/2021 10:20:00","WEST",61752,1.33,0.27,-7.40
"02/05/2021 10:25:00","CAPITL",61757,64.47,-0.57,-71.76
"02/05/2021 10:25:00","CENTRL",61754,2.14,-0.04,-8.89
"02/05/2021 10:25:00","DUNWOD",61760,45.24,-0.54,-52.50
"02/05/2021 10:25:00","GENESE",61753,0.29,0.16,-6.84
"02/05/2021 10:25:00","H Q",61844,-6.55,0.17,0.00
"02/05/2021 10:25:00","HUD VL",61758,44.96,-0.48,-52.16
"02/05/2021 10:25:00","LONGIL",61762,109.59,-0.72,-117.02
"02/05/2021 10:25:00","MHK VL",61756,2.62,-0.28,-9.61
"02/05/2021 10:25:00","MILLWD",61759,45.86,-0.52,-53.10
"02/05/2021 10:25:00","N.Y.C.",61761,45.20,-0.58,-52.49
"02/05/2021 10:25:00","NORTH",61755,-6.59,0.13,0.00
"02/05/2021 10:25:00","NPX",61845,108.75,-0.48,-115.94
"02/05/2021 10:25:00","O H",61846,2.14,0.50,-8.35
"02/05/2021 10:25:00","PJM",61847,25.76,-0.06,-32.53
"02/05/2021 10:25:00","WEST",61752,2.61,0.32,-9.01
"02/05/2021 10:30:00","CAPITL",61757,65.12,-0.71,-74.19
"02/05/2021 10:30:00","CENTRL",61754,0.80,-0.03,-9.19
"02/05/2021 10:30:00","DUNWOD",61760,45.24,-0.68,-54.28
"02/05/2021 10:30:00","GENESE",61753,-1.05,0.23,-7.08
"02/05/2021 10:30:00","H Q",61844,-8.16,0.21,0.00
"02/05/2021 10:30:00","HUD VL",61758,44.97,-0.60,-53.93
"02/05/2021 10:30:00","LONGIL",61762,109.59,-0.89,-118.84
"02/05/2021 10:30:00","MHK VL",61756,1.24,-0.33,-9.94
"02/05/2021 10:30:00","MILLWD",61759,45.89,-0.65,-54.91
"02/05/2021 10:30:00","N.Y.C.",61761,45.19,-0.72,-54.27
"02/05/2021 10:30:00","NORTH",61755,-8.20,0.16,0.00
"02/05/2021 10:30:00","NPX",61845,109.09,-0.59,-118.04
"02/05/2021 10:30:00","O H",61846,0.96,0.69,-8.64
"02/05/2021 10:30:00","PJM",61847,25.22,-0.05,-33.64
"02/05/2021 10:30:00","WEST",61752,1.41,0.46,-9.32
"02/05/2021 10:35:00","CAPITL",61757,73.71,-0.82,-84.14
"02/05/2021 10:35:00","CENTRL",61754,0.78,-0.04,-10.43
"02/05/2021 10:35:00","DUNWOD",61760,51.17,-0.77,-61.56
"02/05/2021 10:35:00","GENESE",61753,-1.33,0.26,-8.02
"02/05/2021 10:35:00","H Q",61844,-9.37,0.24,0.00
"02/05/2021 10:35:00","HUD VL",61758,50.87,-0.68,-61.16
"02/05/2021 10:35:00","LONGIL",61762,109.59,-1.02,-120.22
"02/05/2021 10:35:00","MHK VL",61756,1.28,-0.38,-11.27
"02/05/2021 10:35:00","MILLWD",61759,51.90,-0.75,-62.27
"02/05/2021 10:35:00","N.Y.C.",61761,51.12,-0.82,-61.54
"02/05/2021 10:35:00","NORTH",61755,-9.42,0.19,0.00
"02/05/2021 10:35:00","NPX",61845,101.89,-0.67,-112.18
"02/05/2021 10:35:00","O H",61846,0.94,0.76,-9.79
"02/05/2021 10:35:00","PJM",61847,28.47,-0.07,-38.14
"02/05/2021 10:35:00","WEST",61752,1.45,0.50,-10.56
"02/05/2021 10:40:00","CAPITL",61757,52.62,-0.63,-60.57
"02/05/2021 10:40:00","CENTRL",61754,0.13,-0.06,-7.51
"02/05/2021 10:40:00","DUNWOD",61760,36.39,-0.60,-44.31
"02/05/2021 10:40:00","GENESE",61753,-1.41,0.14,-5.78
"02/05/2021 10:40:00","H Q",61844,-7.13,0.19,0.00
"02/05/2021 10:40:00","HUD VL",61758,36.17,-0.53,-44.03
"02/05/2021 10:40:00","LONGIL",61762,109.59,-0.79,-117.70
"02/05/2021 10:40:00","MHK VL",61756,0.49,-0.31,-8.12
"02/05/2021 10:40:00","MILLWD",61759,36.93,-0.58,-44.82
"02/05/2021 10:40:00","N.Y.C.",61761,36.35,-0.64,-44.30
"02/05/2021 10:40:00","NORTH",61755,-7.16,0.16,0.00
"02/05/2021 10:40:00","NPX",61845,84.00,-0.52,-91.84
"02/05/2021 10:40:00","O H",61846,0.21,0.48,-7.05
"02/05/2021 10:40:00","PJM",61847,20.04,-0.09,-27.46
"02/05/2021 10:40:00","WEST",61752,0.56,0.28,-7.61
"02/05/2021 10:45:00","CAPITL",61757,64.45,-0.56,-71.66
"02/05/2021 10:45:00","CENTRL",61754,2.20,-0.03,-8.88
"02/05/2021 10:45:00","DUNWOD",61760,45.23,-0.55,-52.43
"02/05/2021 10:45:00","GENESE",61753,0.36,0.18,-6.83
"02/05/2021 10:45:00","H Q",61844,-6.49,0.17,0.00
"02/05/2021 10:45:00","HUD VL",61758,44.96,-0.49,-52.09
"02/05/2021 10:45:00","LONGIL",61762,109.59,-0.72,-116.96
"02/05/2021 10:45:00","MHK VL",61756,2.68,-0.27,-9.60
"02/05/2021 10:45:00","MILLWD",61759,45.86,-0.53,-53.03
"02/05/2021 10:45:00","N.Y.C.",61761,45.18,-0.59,-52.42
"02/05/2021 10:45:00","NORTH",61755,-6.51,0.14,0.00
"02/05/2021 10:45:00","NPX",61845,94.29,-0.47,-101.41
"02/05/2021 10:45:00","O H",61846,2.22,0.53,-8.34
"02/05/2021 10:45:00","PJM",61847,25.79,-0.05,-32.49
"02/05/2021 10:45:00","WEST",61752,2.69,0.35,-9.00
"02/05/2021 10:50:00","CAPITL",61757,58.16,-0.61,-66.07
"02/05/2021 10:50:00","CENTRL",61754,0.86,-0.03,-8.19
"02/05/2021 10:50:00","DUNWOD",61760,40.44,-0.60,-48.34
"02/05/2021 10:50:00","GENESE",61753,-0.81,0.19,-6.30
"02/05/2021 10:50:00","H Q",61844,-7.11,0.19,0.00
"02/05/2021 10:50:00","HUD VL",61758,40.20,-0.53,-48.03
"02/05/2021 10:50:00","LONGIL",61762,109.59,-0.79,-117.68
"02/05/2021 10:50:00","MHK VL",61756,1.25,-0.31,-8.85
"02/05/2021 10:50:00","MILLWD",61759,41.02,-0.58,-48.90
"02/05/2021 10:50:00","N.Y.C.",61761,40.39,-0.64,-48.33
"02/05/2021 10:50:00","NORTH",61755,-7.13,0.17,0.00
"02/05/2021 10:50:00","NPX",61845,112.90,-0.52,-120.72
"02/05/2021 10:50:00","O H",61846,0.96,0.56,-7.69
"02/05/2021 10:50:00","PJM",61847,22.59,-0.07,-29.96
"02/05/2021 10:50:00","WEST",61752,1.37,0.36,-8.30
"02/05/2021 10:55:00","CAPITL",61757,49.27,-0.87,-60.53
"02/05/2021 10:55:00","CENTRL",61754,-2.93,-0.04,-7.50
"02/05/2021 10:55:00","DUNWOD",61760,33.05,-0.85,-44.28
"02/05/2021 10:55:00","GENESE",61753,-4.36,0.25,-5.77
"02/05/2021 10:55:00","H Q",61844,-10.11,0.27,0.00
"02/05/2021 10:55:00","HUD VL",61758,32.86,-0.76,-44.00
"02/05/2021 10:55:00","LONGIL",61762,109.59,-1.12,-121.10
"02/05/2021 10:55:00","MHK VL",61756,-2.71,-0.44,-8.11
"02/05/2021 10:55:00","MILLWD",61759,33.59,-0.82,-44.80
"02/05/2021 10:55:00","N.Y.C.",61761,32.99,-0.90,-44.28
"02/05/2021 10:55:00","NORTH",61755,-10.15,0.24,0.00
"02/05/2021 10:55:00","NPX",61845,104.81,-0.74,-115.94
"02/05/2021 10:55:00","O H",61846,-2.58,0.76,-7.05
"02/05/2021 10:55:00","PJM",61847,16.96,-0.09,-27.44
"02/05/2021 10:55:00","WEST",61752,-2.30,0.49,-7.60
"02/05/2021 11:00:00","CAPITL",61757,73.72,-0.80,-84.06
"02/05/2021 11:00:00","CENTRL",61754,0.84,-0.04,-10.42
"02/05/2021 11:00:00","DUNWOD",61760,51.18,-0.78,-61.50
"02/05/2021 11:00:00","GENESE",61753,-1.29,0.23,-8.02
"02/05/2021 11:00:00","H Q",61844,-9.29,0.25,0.00
"02/05/2021 11:00:00","HUD VL",61758,50.87,-0.70,-61.10
"02/05/2021 11:00:00","LONGIL",61762,95.82,-1.04,-106.39
"02/05/2021 11:00:00","MHK VL",61756,1.32,-0.40,-11.26
"02/05/2021 11:00:00","MILLWD",61759,51.90,-0.76,-62.21
"02/05/2021 11:00:00","N.Y.C.",61761,51.11,-0.84,-61.48
"02/05/2021 11:00:00","NORTH",61755,-9.33,0.21,0.00
"02/05/2021 11:00:00","NPX",61845,126.02,-0.68,-136.24
"02/05/2021 11:00:00","O H",61846,0.94,0.70,-9.78
"02/05/2021 11:00:00","PJM",61847,28.48,-0.09,-38.11
"02/05/2021 11:00:00","WEST",61752,1.47,0.46,-10.55
"02/05/2021 11:05:00","CAPITL",61757,65.45,-0.56,-72.61
"02/05/2021 11:05:00","CENTRL",61754,2.35,-0.03,-9.00
"02/05/2021 11:05:00","DUNWOD",61760,45.96,-0.55,-53.12
"02/05/2021 11:05:00","GENESE",61753,0.46,0.15,-6.92
"02/05/2021 11:05:00","H Q",61844,-6.44,0.17,0.00
"02/05/2021 11:05:00","HUD VL",61758,45.69,-0.48,-52.78
"02/05/2021 11:05:00","LONGIL",61762,94.45,-0.72,-101.78
"02/05/2021 11:05:00","MHK VL",61756,2.83,-0.28,-9.73
"02/05/2021 11:05:00","MILLWD",61759,46.60,-0.53,-53.74
"02/05/2021 11:05:00","N.Y.C.",61761,45.91,-0.59,-53.11
"02/05/2021 11:05:00","NORTH",61755,-6.46,0.15,0.00
"02/05/2021 11:05:00","NPX",61845,85.02,-0.47,-92.10
"02/05/2021 11:05:00","O H",61846,2.32,0.48,-8.45
"02/05/2021 11:05:00","PJM",61847,26.24,-0.07,-32.92
"02/05/2021 11:05:00","WEST",61752,2.81,0.30,-9.12
"02/05/2021 11:10:00","CAPITL",61757,66.78,-0.72,-76.04
"02/05/2021 11:10:00","CENTRL",61754,0.95,-0.03,-9.52
"02/05/2021 11:10:00","DUNWOD",61760,46.39,-0.71,-55.63
"02/05/2021 11:10:00","GENESE",61753,-1.05,0.22,-7.26
"02/05/2021 11:10:00","H Q",61844,-8.31,0.22,0.00
"02/05/2021 11:10:00","HUD VL",61758,46.09,-0.62,-55.25
"02/05/2021 11:10:00","LONGIL",61762,94.43,-0.93,-103.89
"02/05/2021 11:10:00","MHK VL",61756,1.22,-0.36,-10.12
"02/05/2021 11:10:00","MILLWD",61759,47.05,-0.68,-56.27
"02/05/2021 11:10:00","N.Y.C.",61761,46.34,-0.75,-55.62
"02/05/2021 11:10:00","NORTH",61755,-8.35,0.19,0.00
"02/05/2021 11:10:00","NPX",61845,85.92,-0.61,-95.06
"02/05/2021 11:10:00","O H",61846,0.96,0.64,-8.85
"02/05/2021 11:10:00","PJM",61847,25.86,-0.09,-34.48
"02/05/2021 11:10:00","WEST",61752,1.44,0.43,-9.55
"02/05/2021 11:15:00","CAPITL",61757,77.53,-0.85,-88.48
"02/05/2021 11:15:00","CENTRL",61754,0.94,-0.04,-11.08
"02/05/2021 11:15:00","DUNWOD",61760,53.81,-0.83,-64.74
"02/05/2021 11:15:00","GENESE",61753,-1.40,0.25,-8.45
"02/05/2021 11:15:00","H Q",61844,-9.84,0.26,0.00
"02/05/2021 11:15:00","HUD VL",61758,53.46,-0.74,-64.29
"02/05/2021 11:15:00","LONGIL",61762,94.41,-1.10,-105.61
"02/05/2021 11:15:00","MHK VL",61756,1.25,-0.42,-11.77
"02/05/2021 11:15:00","MILLWD",61759,54.57,-0.81,-65.48
"02/05/2021 11:15:00","N.Y.C.",61761,53.68,-0.89,-64.66
"02/05/2021 11:15:00","NORTH",61755,-9.88,0.22,0.00
"02/05/2021 11:15:00","NPX",61845,94.98,-0.72,-105.80
"02/05/2021 11:15:00","O H",61846,0.95,0.75,-10.30
"02/05/2021 11:15:00","PJM",61847,29.73,-0.10,-39.93
"02/05/2021 11:15:00","WEST",61752,1.49,0.48,-11.11
"02/05/2021 11:20:00","CAPITL",61757,73.72,-0.80,-84.08
"02/05/2021 11:20:00","CENTRL",61754,0.93,-0.05,-10.53
"02/05/2021 11:20:00","DUNWOD",61760,51.17,-0.79,-61.52
"02/05/2021 11:20:00","GENESE",61753,-1.28,0.25,-8.03
"02/05/2021 11:20:00","H Q",61844,-9.30,0.25,0.00
"02/05/2021 11:20:00","HUD VL",61758,50.83,-0.71,-61.09
"02/05/2021 11:20:00","LONGIL",61762,94.42,-1.04,-105.01
"02/05/2021 11:20:00","MHK VL",61756,1.22,-0.41,-11.19
"02/05/2021 11:20:00","MILLWD",61759,51.91,-0.76,-62.22
"02/05/2021 11:20:00","N.Y.C.",61761,51.11,-0.85,-61.51
"02/05/2021 11:20:00","NORTH",61755,-9.33,0.22,0.00
"02/05/2021 11:20:00","NPX",61845,78.41,-0.68,-88.64
"02/05/2021 11:20:00","O H",61846,0.94,0.71,-9.79
"02/05/2021 11:20:00","PJM",61847,28.47,-0.11,-38.12
"02/05/2021 11:20:00","WEST",61752,1.46,0.46,-10.55
"02/05/2021 11:25:00","CAPITL",61757,105.90,-1.19,-121.43
"02/05/2021 11:25:00","CENTRL",61754,0.83,-0.03,-15.20
"02/05/2021 11:25:00","DUNWOD",61760,73.33,-1.18,-88.85
"02/05/2021 11:25:00","GENESE",61753,-2.34,0.42,-11.59
"02/05/2021 11:25:00","H Q",61844,-14.00,0.34,0.00
"02/05/2021 11:25:00","HUD VL",61758,72.85,-1.05,-88.24
"02/05/2021 11:25:00","LONGIL",61762,113.88,-1.56,-129.79
"02/05/2021 11:25:00","MHK VL",61756,1.19,-0.62,-16.16
"02/05/2021 11:25:00","MILLWD",61759,74.37,-1.15,-89.87
"02/05/2021 11:25:00","N.Y.C.",61761,73.16,-1.26,-88.77
"02/05/2021 11:25:00","NORTH",61755,-14.13,0.21,0.00
"02/05/2021 11:25:00","NPX",61845,105.51,-1.02,-120.87
"02/05/2021 11:25:00","O H",61846,0.93,1.13,-14.14
"02/05/2021 11:25:00","PJM",61847,40.42,-0.11,-54.87
"02/05/2021 11:25:00","WEST",61752,1.66,0.76,-15.24
"02/05/2021 11:30:00","CAPITL",61757,106.39,-1.19,-121.93
"02/05/2021 11:30:00","CENTRL",61754,0.88,-0.04,-15.27
"02/05/2021 11:30:00","DUNWOD",61760,73.68,-1.19,-89.21
"02/05/2021 11:30:00","GENESE",61753,-2.32,0.39,-11.64
"02/05/2021 11:30:00","H Q",61844,-13.99,0.36,0.00
"02/05/2021 11:30:00","HUD VL",61758,73.19,-1.06,-88.60
"02/05/2021 11:30:00","LONGIL",61762,93.96,-1.58,-109.88
"02/05/2021 11:30:00","MHK VL",61756,1.27,-0.60,-16.22
"02/05/2021 11:30:00","MILLWD",61759,74.73,-1.16,-90.23
"02/05/2021 11:30:00","N.Y.C.",61761,73.50,-1.29,-89.13
"02/05/2021 11:30:00","NORTH",61755,-14.11,0.23,0.00
"02/05/2021 11:30:00","NPX",61845,105.94,-1.02,-121.30
"02/05/2021 11:30:00","O H",61846,0.93,1.08,-14.19
"02/05/2021 11:30:00","PJM",61847,40.61,-0.14,-55.10
"02/05/2021 11:30:00","WEST",61752,1.66,0.70,-15.31
"02/05/2021 11:35:00","CAPITL",61757,74.08,-0.87,-85.36
"02/05/2021 11:35:00","CENTRL",61754,0.22,-0.06,-10.69
"02/05/2021 11:35:00","DUNWOD",61760,51.17,-0.88,-62.46
"02/05/2021 11:35:00","GENESE",61753,-2.05,0.21,-8.15
"02/05/2021 11:35:00","H Q",61844,-10.11,0.29,0.00
"02/05/2021 11:35:00","HUD VL",61758,50.84,-0.78,-62.03
"02/05/2021 11:35:00","LONGIL",61762,93.88,-1.17,-105.45
"02/05/2021 11:35:00","MHK VL",61756,0.50,-0.45,-11.36
"02/05/2021 11:35:00","MILLWD",61759,51.91,-0.85,-63.17
"02/05/2021 11:35:00","N.Y.C.",61761,51.09,-0.96,-62.45
"02/05/2021 11:35:00","NORTH",61755,-10.14,0.27,0.00
"02/05/2021 11:35:00","NPX",61845,88.65,-0.76,-99.81
"02/05/2021 11:35:00","O H",61846,0.20,0.67,-9.94
"02/05/2021 11:35:00","PJM",61847,28.15,-0.15,-38.71
"02/05/2021 11:35:00","WEST",61752,0.72,0.41,-10.72
"02/05/2021 11:40:00","CAPITL",61757,40.79,-0.40,-45.81
"02/05/2021 11:40:00","CENTRL",61754,1.07,-0.04,-5.74
"02/05/2021 11:40:00","DUNWOD",61760,28.50,-0.41,-33.54
"02/05/2021 11:40:00","GENESE",61753,-0.18,0.07,-4.37
"02/05/2021 11:40:00","H Q",61844,-4.49,0.13,0.00
"02/05/2021 11:40:00","HUD VL",61758,28.30,-0.37,-33.29
"02/05/2021 11:40:00","LONGIL",61762,91.04,-0.54,-96.20
"02/05/2021 11:40:00","MHK VL",61756,1.27,-0.20,-6.10
"02/05/2021 11:40:00","MILLWD",61759,28.91,-0.40,-33.93
"02/05/2021 11:40:00","N.Y.C.",61761,28.47,-0.44,-33.53
"02/05/2021 11:40:00","NORTH",61755,-4.49,0.14,0.00
"02/05/2021 11:40:00","NPX",61845,60.72,-0.35,-65.69
"02/05/2021 11:40:00","O H",61846,0.98,0.27,-5.34
"02/05/2021 11:40:00","PJM",61847,16.07,-0.09,-20.78
"02/05/2021 11:40:00","WEST",61752,1.28,0.15,-5.75
"02/05/2021 11:45:00","CAPITL",61757,40.91,-0.39,-45.95
"02/05/2021 11:45:00","CENTRL",61754,1.07,-0.04,-5.75
"02/05/2021 11:45:00","DUNWOD",61760,28.58,-0.41,-33.63
"02/05/2021 11:45:00","GENESE",61753,-0.18,0.07,-4.39
"02/05/2021 11:45:00","H Q",61844,-4.51,0.13,0.00
"02/05/2021 11:45:00","HUD VL",61758,28.37,-0.37,-33.38
"02/05/2021 11:45:00","LONGIL",61762,91.04,-0.54,-96.22
"02/05/2021 11:45:00","MHK VL",61756,1.28,-0.19,-6.12
"02/05/2021 11:45:00","MILLWD",61759,28.99,-0.40,-34.03
"02/05/2021 11:45:00","N.Y.C.",61761,28.55,-0.45,-33.63
"02/05/2021 11:45:00","NORTH",61755,-4.51,0.13,0.00
"02/05/2021 11:45:00","NPX",61845,60.81,-0.35,-65.81
"02/05/2021 11:45:00","O H",61846,0.97,0.26,-5.35
"02/05/2021 11:45:00","PJM",61847,16.11,-0.09,-20.84
"02/05/2021 11:45:00","WEST",61752,1.27,0.14,-5.77
"02/05/2021 11:50:00","CAPITL",61757,40.93,-0.39,-46.02
"02/05/2021 11:50:00","CENTRL",61754,1.04,-0.03,-5.76
"02/05/2021 11:50:00","DUNWOD",61760,28.58,-0.42,-33.69
"02/05/2021 11:50:00","GENESE",61753,-0.20,0.10,-4.39
"02/05/2021 11:50:00","H Q",61844,-4.56,0.13,0.00
"02/05/2021 11:50:00","HUD VL",61758,28.38,-0.37,-33.44
"02/05/2021 11:50:00","LONGIL",61762,90.06,-0.54,-95.30
"02/05/2021 11:50:00","MHK VL",61756,1.24,-0.19,-6.13
"02/05/2021 11:50:00","MILLWD",61759,28.99,-0.40,-34.09
"02/05/2021 11:50:00","N.Y.C.",61761,28.54,-0.45,-33.69
"02/05/2021 11:50:00","NORTH",61755,-4.56,0.14,0.00
"02/05/2021 11:50:00","NPX",61845,72.60,-0.35,-77.65
"02/05/2021 11:50:00","O H",61846,0.97,0.31,-5.36
"02/05/2021 11:50:00","PJM",61847,16.10,-0.08,-20.88
"02/05/2021 11:50:00","WEST",61752,1.27,0.19,-5.78
"02/05/2021 11:55:00","CAPITL",61757,35.64,-0.33,-39.90
"02/05/2021 11:55:00","CENTRL",61754,1.04,-0.03,-5.00
"02/05/2021 11:55:00","DUNWOD",61760,24.93,-0.35,-29.21
"02/05/2021 11:55:00","GENESE",61753,-0.03,0.08,-3.81
"02/05/2021 11:55:00","H Q",61844,-3.82,0.11,0.00
"02/05/2021 11:55:00","HUD VL",61758,24.75,-0.31,-28.99
"02/05/2021 11:55:00","LONGIL",61762,89.08,-0.46,-93.46
"02/05/2021 11:55:00","MHK VL",61756,1.22,-0.16,-5.31
"02/05/2021 11:55:00","MILLWD",61759,25.29,-0.33,-29.55
"02/05/2021 11:55:00","N.Y.C.",61761,24.90,-0.38,-29.20
"02/05/2021 11:55:00","NORTH",61755,-3.81,0.11,0.00
"02/05/2021 11:55:00","NPX",61845,68.14,-0.29,-72.36
"02/05/2021 11:55:00","O H",61846,0.98,0.26,-4.65
"02/05/2021 11:55:00","PJM",61847,14.10,-0.07,-18.10
"02/05/2021 11:55:00","WEST",61752,1.24,0.15,-5.01
"02/05/2021 12:00:00","CAPITL",61757,71.12,-0.77,-81.00
"02/05/2021 12:00:00","CENTRL",61754,0.94,-0.06,-10.12
"02/05/2021 12:00:00","DUNWOD",61760,49.36,-0.81,-59.29
"02/05/2021 12:00:00","GENESE",61753,-1.17,0.23,-7.72
"02/05/2021 12:00:00","H Q",61844,-8.86,0.26,0.00
"02/05/2021 12:00:00","HUD VL",61758,49.02,-0.71,-58.85
"02/05/2021 12:00:00","LONGIL",61762,89.99,-1.06,-100.16
"02/05/2021 12:00:00","MHK VL",61756,1.20,-0.38,-10.70
"02/05/2021 12:00:00","MILLWD",61759,50.09,-0.78,-59.99
"02/05/2021 12:00:00","N.Y.C.",61761,49.29,-0.88,-59.28
"02/05/2021 12:00:00","NORTH",61755,-8.86,0.26,0.00
"02/05/2021 12:00:00","NPX",61845,98.04,-0.68,-107.84
"02/05/2021 12:00:00","O H",61846,0.96,0.66,-9.42
"02/05/2021 12:00:00","PJM",61847,27.46,-0.15,-36.74
"02/05/2021 12:00:00","WEST",61752,1.44,0.40,-10.16
"02/05/2021 12:05:00","CAPITL",61757,42.32,-0.41,-47.65
"02/05/2021 12:05:00","CENTRL",61754,1.00,-0.03,-5.95
"02/05/2021 12:05:00","DUNWOD",61760,29.52,-0.44,-34.88
"02/05/2021 12:05:00","GENESE",61753,-0.25,0.13,-4.54
"02/05/2021 12:05:00","H Q",61844,-4.79,0.13,0.00
"02/05/2021 12:05:00","HUD VL",61758,29.31,-0.38,-34.62
"02/05/2021 12:05:00","LONGIL",61762,90.06,-0.57,-95.55
"02/05/2021 12:05:00","MHK VL",61756,1.16,-0.21,-6.30
"02/05/2021 12:05:00","MILLWD",61759,29.95,-0.42,-35.29
"02/05/2021 12:05:00","N.Y.C.",61761,29.48,-0.47,-34.87
"02/05/2021 12:05:00","NORTH",61755,-4.78,0.14,0.00
"02/05/2021 12:05:00","NPX",61845,70.87,-0.37,-76.16
"02/05/2021 12:05:00","O H",61846,0.98,0.36,-5.54
"02/05/2021 12:05:00","PJM",61847,16.61,-0.08,-21.61
"02/05/2021 12:05:00","WEST",61752,1.27,0.22,-5.97
"02/05/2021 12:10:00","CAPITL",61757,40.73,-0.18,-43.08
"02/05/2021 12:10:00","CENTRL",61754,3.16,-0.01,-5.34
"02/05/2021 12:10:00","DUNWOD",61760,29.15,-0.20,-31.52
"02/05/2021 12:10:00","GENESE",61753,1.99,0.06,-4.10
"02/05/2021 12:10:00","H Q",61844,-2.11,0.06,0.00
"02/05/2021 12:10:00","HUD VL",61758,28.91,-0.17,-31.25
"02/05/2021 12:10:00","LONGIL",61762,89.12,-0.25,-91.54
"02/05/2021 12:10:00","MHK VL",61756,3.39,-0.09,-5.65
"02/05/2021 12:10:00","MILLWD",61759,29.54,-0.19,-31.89
"02/05/2021 12:10:00","N.Y.C.",61761,29.14,-0.21,-31.52
"02/05/2021 12:10:00","NORTH",61755,-2.11,0.06,0.00
"02/05/2021 12:10:00","NPX",61845,69.87,-0.16,-72.20
"02/05/2021 12:10:00","O H",61846,3.00,0.16,-5.01
"02/05/2021 12:10:00","PJM",61847,17.32,-0.04,-19.53
"02/05/2021 12:10:00","WEST",61752,3.33,0.10,-5.40
"02/05/2021 12:15:00","CAPITL",61757,40.73,-0.18,-43.06
"02/05/2021 12:15:00","CENTRL",61754,3.17,-0.02,-5.34
"02/05/2021 12:15:00","DUNWOD",61760,29.16,-0.19,-31.51
"02/05/2021 12:15:00","GENESE",61753,1.99,0.05,-4.10
"02/05/2021 12:15:00","H Q",61844,-2.09,0.06,0.00
"02/05/2021 12:15:00","HUD VL",61758,28.92,-0.17,-31.24
"02/05/2021 12:15:00","LONGIL",61762,92.68,-0.25,-95.09
"02/05/2021 12:15:00","MHK VL",61756,3.40,-0.09,-5.65
"02/05/2021 12:15:00","MILLWD",61759,29.54,-0.19,-31.88
"02/05/2021 12:15:00","N.Y.C.",61761,29.14,-0.21,-31.51
"02/05/2021 12:15:00","NORTH",61755,-2.09,0.06,0.00
"02/05/2021 12:15:00","NPX",61845,69.87,-0.16,-72.19
"02/05/2021 12:15:00","O H",61846,3.00,0.15,-5.00
"02/05/2021 12:15:00","PJM",61847,17.33,-0.04,-19.52
"02/05/2021 12:15:00","WEST",61752,3.34,0.09,-5.40
"02/05/2021 12:20:00","CAPITL",61757,42.21,-0.41,-47.44
"02/05/2021 12:20:00","CENTRL",61754,1.01,-0.04,-5.88
"02/05/2021 12:20:00","DUNWOD",61760,29.46,-0.43,-34.71
"02/05/2021 12:20:00","GENESE",61753,-0.23,0.09,-4.52
"02/05/2021 12:20:00","H Q",61844,-4.70,0.14,0.00
"02/05/2021 12:20:00","HUD VL",61758,29.22,-0.37,-34.41
"02/05/2021 12:20:00","LONGIL",61762,89.07,-0.56,-94.46
"02/05/2021 12:20:00","MHK VL",61756,1.19,-0.20,-6.22
"02/05/2021 12:20:00","MILLWD",61759,29.88,-0.41,-35.12
"02/05/2021 12:20:00","N.Y.C.",61761,29.42,-0.46,-34.71
"02/05/2021 12:20:00","NORTH",61755,-4.69,0.14,0.00
"02/05/2021 12:20:00","NPX",61845,86.71,-0.36,-91.90
"02/05/2021 12:20:00","O H",61846,0.98,0.29,-5.51
"02/05/2021 12:20:00","PJM",61847,16.59,-0.09,-21.51
"02/05/2021 12:20:00","WEST",61752,1.29,0.16,-5.95
"02/05/2021 12:25:00","CAPITL",61757,50.14,-0.50,-56.63
"02/05/2021 12:25:00","CENTRL",61754,0.99,-0.05,-7.02
"02/05/2021 12:25:00","DUNWOD",61760,34.92,-0.53,-41.44
"02/05/2021 12:25:00","GENESE",61753,-0.48,0.11,-5.39
"02/05/2021 12:25:00","H Q",61844,-5.82,0.17,0.00
"02/05/2021 12:25:00","HUD VL",61758,34.63,-0.46,-41.08
"02/05/2021 12:25:00","LONGIL",61762,84.43,-0.69,-91.11
"02/05/2021 12:25:00","MHK VL",61756,1.20,-0.25,-7.43
"02/05/2021 12:25:00","MILLWD",61759,35.43,-0.51,-41.93
"02/05/2021 12:25:00","N.Y.C.",61761,34.87,-0.57,-41.43
"02/05/2021 12:25:00","NORTH",61755,-5.81,0.18,0.00
"02/05/2021 12:25:00","NPX",61845,93.39,-0.45,-99.83
"02/05/2021 12:25:00","O H",61846,0.97,0.37,-6.58
"02/05/2021 12:25:00","PJM",61847,19.58,-0.11,-25.68
"02/05/2021 12:25:00","WEST",61752,1.33,0.21,-7.10
"02/05/2021 12:30:00","CAPITL",61757,59.68,-0.57,-67.12
"02/05/2021 12:30:00","CENTRL",61754,1.41,-0.04,-8.32
"02/05/2021 12:30:00","DUNWOD",61760,41.64,-0.60,-49.11
"02/05/2021 12:30:00","GENESE",61753,-0.33,0.16,-6.39
"02/05/2021 12:30:00","H Q",61844,-6.68,0.19,0.00
"02/05/2021 12:30:00","HUD VL",61758,41.30,-0.52,-48.69
"02/05/2021 12:30:00","LONGIL",61762,84.27,-0.79,-91.93
"02/05/2021 12:30:00","MHK VL",61756,1.65,-0.28,-8.80
"02/05/2021 12:30:00","MILLWD",61759,42.24,-0.58,-49.69
"02/05/2021 12:30:00","N.Y.C.",61761,41.58,-0.65,-49.10
"02/05/2021 12:30:00","NORTH",61755,-6.67,0.20,0.00
"02/05/2021 12:30:00","NPX",61845,101.49,-0.52,-108.88
"02/05/2021 12:30:00","O H",61846,1.40,0.47,-7.80
"02/05/2021 12:30:00","PJM",61847,23.45,-0.11,-30.43
"02/05/2021 12:30:00","WEST",61752,1.84,0.29,-8.42
"02/05/2021 12:35:00","CAPITL",61757,60.47,-0.58,-67.91
"02/05/2021 12:35:00","CENTRL",61754,1.52,-0.04,-8.42
"02/05/2021 12:35:00","DUNWOD",61760,42.22,-0.60,-49.69
"02/05/2021 12:35:00","GENESE",61753,-0.24,0.16,-6.46
"02/05/2021 12:35:00","H Q",61844,-6.68,0.18,0.00
"02/05/2021 12:35:00","HUD VL",61758,41.87,-0.53,-49.26
"02/05/2021 12:35:00","LONGIL",61762,83.68,-0.79,-91.33
"02/05/2021 12:35:00","MHK VL",61756,1.77,-0.27,-8.91
"02/05/2021 12:35:00","MILLWD",61759,42.83,-0.58,-50.27
"02/05/2021 12:35:00","N.Y.C.",61761,42.16,-0.65,-49.68
"02/05/2021 12:35:00","NORTH",61755,-6.67,0.19,0.00
"02/05/2021 12:35:00","NPX",61845,97.48,-0.52,-104.86
"02/05/2021 12:35:00","O H",61846,1.50,0.47,-7.89
"02/05/2021 12:35:00","PJM",61847,23.81,-0.12,-30.79
"02/05/2021 12:35:00","WEST",61752,1.94,0.29,-8.52
"02/05/2021 12:40:00","CAPITL",61757,57.00,-0.59,-64.61
"02/05/2021 12:40:00","CENTRL",61754,0.95,-0.05,-8.01
"02/05/2021 12:40:00","DUNWOD",61760,39.64,-0.62,-47.27
"02/05/2021 12:40:00","GENESE",61753,-0.70,0.16,-6.15
"02/05/2021 12:40:00","H Q",61844,-6.82,0.20,0.00
"02/05/2021 12:40:00","HUD VL",61758,39.31,-0.54,-46.86
"02/05/2021 12:40:00","LONGIL",61762,83.57,-0.81,-91.39
"02/05/2021 12:40:00","MHK VL",61756,1.17,-0.29,-8.47
"02/05/2021 12:40:00","MILLWD",61759,40.22,-0.60,-47.83
"02/05/2021 12:40:00","N.Y.C.",61761,39.58,-0.67,-47.26
"02/05/2021 12:40:00","NORTH",61755,-6.82,0.20,0.00
"02/05/2021 12:40:00","NPX",61845,94.47,-0.53,-102.01
"02/05/2021 12:40:00","O H",61846,0.97,0.47,-7.51
"02/05/2021 12:40:00","PJM",61847,22.15,-0.13,-29.29
"02/05/2021 12:40:00","WEST",61752,1.37,0.27,-8.10
"02/05/2021 12:45:00","CAPITL",61757,59.73,-0.57,-67.20
"02/05/2021 12:45:00","CENTRL",61754,1.39,-0.04,-8.33
"02/05/2021 12:45:00","DUNWOD",61760,41.66,-0.61,-49.17
"02/05/2021 12:45:00","GENESE",61753,-0.33,0.17,-6.40
"02/05/2021 12:45:00","H Q",61844,-6.71,0.19,0.00
"02/05/2021 12:45:00","HUD VL",61758,41.32,-0.53,-48.74
"02/05/2021 12:45:00","LONGIL",61762,83.57,-0.80,-91.27
"02/05/2021 12:45:00","MHK VL",61756,1.63,-0.28,-8.81
"02/05/2021 12:45:00","MILLWD",61759,42.26,-0.59,-49.75
"02/05/2021 12:45:00","N.Y.C.",61761,41.60,-0.66,-49.16
"02/05/2021 12:45:00","NORTH",61755,-6.71,0.19,0.00
"02/05/2021 12:45:00","NPX",61845,96.83,-0.52,-104.24
"02/05/2021 12:45:00","O H",61846,1.40,0.48,-7.81
"02/05/2021 12:45:00","PJM",61847,23.45,-0.12,-30.46
"02/05/2021 12:45:00","WEST",61752,1.82,0.28,-8.43
"02/05/2021 12:50:00","CAPITL",61757,41.26,-0.18,-43.67
"02/05/2021 12:50:00","CENTRL",61754,3.17,-0.02,-5.41
"02/05/2021 12:50:00","DUNWOD",61760,29.52,-0.20,-31.95
"02/05/2021 12:50:00","GENESE",61753,1.98,0.05,-4.16
"02/05/2021 12:50:00","H Q",61844,-2.17,0.06,0.00
"02/05/2021 12:50:00","HUD VL",61758,29.28,-0.17,-31.68
"02/05/2021 12:50:00","LONGIL",61762,83.61,-0.26,-86.10
"02/05/2021 12:50:00","MHK VL",61756,3.41,-0.09,-5.73
"02/05/2021 12:50:00","MILLWD",61759,29.91,-0.19,-32.33
"02/05/2021 12:50:00","N.Y.C.",61761,29.50,-0.22,-31.95
"02/05/2021 12:50:00","NORTH",61755,-2.17,0.06,0.00
"02/05/2021 12:50:00","NPX",61845,75.56,-0.17,-77.95
"02/05/2021 12:50:00","O H",61846,3.00,0.15,-5.08
"02/05/2021 12:50:00","PJM",61847,17.53,-0.04,-19.80
"02/05/2021 12:50:00","WEST",61752,3.34,0.09,-5.48
"02/05/2021 12:55:00","CAPITL",61757,42.42,-0.20,-45.01
"02/05/2021 12:55:00","CENTRL",61754,3.17,-0.02,-5.58
"02/05/2021 12:55:00","DUNWOD",61760,30.33,-0.21,-32.93
"02/05/2021 12:55:00","GENESE",61753,1.94,0.05,-4.28
"02/05/2021 12:55:00","H Q",61844,-2.33,0.07,0.00
"02/05/2021 12:55:00","HUD VL",61758,30.07,-0.18,-32.65
"02/05/2021 12:55:00","LONGIL",61762,83.61,-0.28,-86.28
"02/05/2021 12:55:00","MHK VL",61756,3.41,-0.10,-5.90
"02/05/2021 12:55:00","MILLWD",61759,30.73,-0.20,-33.32
"02/05/2021 12:55:00","N.Y.C.",61761,30.31,-0.23,-32.93
"02/05/2021 12:55:00","NORTH",61755,-2.33,0.07,0.00
"02/05/2021 12:55:00","NPX",61845,76.54,-0.18,-79.11
"02/05/2021 12:55:00","O H",61846,3.00,0.16,-5.23
"02/05/2021 12:55:00","PJM",61847,17.97,-0.04,-20.41
"02/05/2021 12:55:00","WEST",61752,3.34,0.09,-5.65
"02/05/2021 13:00:00","CAPITL",61757,39.97,-0.17,-42.19
"02/05/2021 13:00:00","CENTRL",61754,3.17,-0.01,-5.23
"02/05/2021 13:00:00","DUNWOD",61760,28.65,-0.18,-30.87
"02/05/2021 13:00:00","GENESE",61753,2.02,0.05,-4.02
"02/05/2021 13:00:00","H Q",61844,-1.99,0.06,0.00
"02/05/2021 13:00:00","HUD VL",61758,28.40,-0.16,-30.60
"02/05/2021 13:00:00","LONGIL",61762,83.72,-0.23,-86.00
"02/05/2021 13:00:00","MHK VL",61756,3.40,-0.09,-5.53
"02/05/2021 13:00:00","MILLWD",61759,29.02,-0.17,-31.24
"02/05/2021 13:00:00","N.Y.C.",61761,28.63,-0.19,-30.87
"02/05/2021 13:00:00","NORTH",61755,-1.99,0.05,0.00
"02/05/2021 13:00:00","NPX",61845,74.48,-0.15,-76.68
"02/05/2021 13:00:00","O H",61846,3.00,0.14,-4.90
"02/05/2021 13:00:00","PJM",61847,17.05,-0.03,-19.13
"02/05/2021 13:00:00","WEST",61752,3.33,0.09,-5.29
"02/05/2021 13:05:00","CAPITL",61757,37.62,0.07,-36.73
"02/05/2021 13:05:00","CENTRL",61754,5.37,0.00,-4.55
"02/05/2021 13:05:00","DUNWOD",61760,27.77,0.07,-26.88
"02/05/2021 13:05:00","GENESE",61753,4.29,-0.02,-3.50
"02/05/2021 13:05:00","H Q",61844,0.79,-0.02,0.00
"02/05/2021 13:05:00","HUD VL",61758,27.52,0.06,-26.64
"02/05/2021 13:05:00","LONGIL",61762,83.75,0.10,-82.84
"02/05/2021 13:05:00","MHK VL",61756,5.67,0.03,-4.82
"02/05/2021 13:05:00","MILLWD",61759,28.08,0.07,-27.19
"02/05/2021 13:05:00","N.Y.C.",61761,27.77,0.08,-26.87
"02/05/2021 13:05:00","NORTH",61755,0.80,-0.02,0.00
"02/05/2021 13:05:00","NPX",61845,78.46,0.06,-77.58
"02/05/2021 13:05:00","O H",61846,5.02,-0.06,-4.27
"02/05/2021 13:05:00","PJM",61847,17.48,0.01,-16.65
"02/05/2021 13:05:00","WEST",61752,5.39,-0.04,-4.61
"02/05/2021 13:10:00","CAPITL",61757,37.50,0.07,-36.59
"02/05/2021 13:10:00","CENTRL",61754,5.34,0.00,-4.50
"02/05/2021 13:10:00","DUNWOD",61760,27.67,0.08,-26.76
"02/05/2021 13:10:00","GENESE",61753,4.29,-0.02,-3.48
"02/05/2021 13:10:00","H Q",61844,0.81,-0.02,0.00
"02/05/2021 13:10:00","HUD VL",61758,27.43,0.07,-26.53
"02/05/2021 13:10:00","LONGIL",61762,83.64,0.10,-82.71
"02/05/2021 13:10:00","MHK VL",61756,5.58,0.03,-4.71
"02/05/2021 13:10:00","MILLWD",61759,27.98,0.07,-27.07
"02/05/2021 13:10:00","N.Y.C.",61761,27.68,0.08,-26.76
"02/05/2021 13:10:00","NORTH",61755,0.81,-0.02,0.00
"02/05/2021 13:10:00","NPX",61845,78.35,0.06,-77.45
"02/05/2021 13:10:00","O H",61846,5.02,-0.06,-4.25
"02/05/2021 13:10:00","PJM",61847,17.43,0.01,-16.58
"02/05/2021 13:10:00","WEST",61752,5.38,-0.04,-4.59
"02/05/2021 13:15:00","CAPITL",61757,38.73,-0.16,-40.75
"02/05/2021 13:15:00","CENTRL",61754,3.14,-0.01,-5.02
"02/05/2021 13:15:00","DUNWOD",61760,27.77,-0.17,-29.81
"02/05/2021 13:15:00","GENESE",61753,2.06,0.05,-3.88
"02/05/2021 13:15:00","H Q",61844,-1.82,0.05,0.00
"02/05/2021 13:15:00","HUD VL",61758,27.53,-0.15,-29.55
"02/05/2021 13:15:00","LONGIL",61762,83.62,-0.22,-85.70
"02/05/2021 13:15:00","MHK VL",61756,3.30,-0.07,-5.25
"02/05/2021 13:15:00","MILLWD",61759,28.12,-0.16,-30.15
"02/05/2021 13:15:00","N.Y.C.",61761,27.75,-0.18,-29.80
"02/05/2021 13:15:00","NORTH",61755,-1.82,0.05,0.00
"02/05/2021 13:15:00","NPX",61845,79.02,-0.14,-81.04
"02/05/2021 13:15:00","O H",61846,3.00,0.14,-4.73
"02/05/2021 13:15:00","PJM",61847,16.57,-0.03,-18.47
"02/05/2021 13:15:00","WEST",61752,3.33,0.09,-5.11
"02/05/2021 13:20:00","CAPITL",61757,36.78,0.08,-35.76
"02/05/2021 13:20:00","CENTRL",61754,5.35,0.00,-4.40
"02/05/2021 13:20:00","DUNWOD",61760,27.18,0.08,-26.15
"02/05/2021 13:20:00","GENESE",61753,4.32,-0.03,-3.40
"02/05/2021 13:20:00","H Q",61844,0.92,-0.03,0.00
"02/05/2021 13:20:00","HUD VL",61758,26.94,0.07,-25.92
"02/05/2021 13:20:00","LONGIL",61762,83.64,0.11,-82.59
"02/05/2021 13:20:00","MHK VL",61756,5.58,0.04,-4.60
"02/05/2021 13:20:00","MILLWD",61759,27.48,0.08,-26.45
"02/05/2021 13:20:00","N.Y.C.",61761,27.18,0.09,-26.15
"02/05/2021 13:20:00","NORTH",61755,0.92,-0.02,0.00
"02/05/2021 13:20:00","NPX",61845,87.31,0.07,-86.30
"02/05/2021 13:20:00","O H",61846,5.02,-0.07,-4.15
"02/05/2021 13:20:00","PJM",61847,17.16,0.01,-16.20
"02/05/2021 13:20:00","WEST",61752,5.38,-0.04,-4.48
"02/05/2021 13:25:00","CAPITL",61757,37.37,0.07,-36.44
"02/05/2021 13:25:00","CENTRL",61754,5.34,0.00,-4.49
"02/05/2021 13:25:00","DUNWOD",61760,27.58,0.08,-26.65
"02/05/2021 13:25:00","GENESE",61753,4.30,-0.02,-3.47
"02/05/2021 13:25:00","H Q",61844,0.83,-0.02,0.00
"02/05/2021 13:25:00","HUD VL",61758,27.34,0.07,-26.42
"02/05/2021 13:25:00","LONGIL",61762,82.99,0.10,-82.04
"02/05/2021 13:25:00","MHK VL",61756,5.58,0.04,-4.69
"02/05/2021 13:25:00","MILLWD",61759,27.89,0.07,-26.96
"02/05/2021 13:25:00","N.Y.C.",61761,27.59,0.08,-26.65
"02/05/2021 13:25:00","NORTH",61755,0.83,-0.02,0.00
"02/05/2021 13:25:00","NPX",61845,87.81,0.06,-86.89
"02/05/2021 13:25:00","O H",61846,5.02,-0.06,-4.23
"02/05/2021 13:25:00","PJM",61847,17.38,0.01,-16.51
"02/05/2021 13:25:00","WEST",61752,5.38,-0.04,-4.57
"02/05/2021 13:30:00","CAPITL",61757,36.35,0.08,-35.26
"02/05/2021 13:30:00","CENTRL",61754,5.35,0.01,-4.34
"02/05/2021 13:30:00","DUNWOD",61760,26.89,0.09,-25.79
"02/05/2021 13:30:00","GENESE",61753,4.33,-0.03,-3.36
"02/05/2021 13:30:00","H Q",61844,0.98,-0.03,0.00
"02/05/2021 13:30:00","HUD VL",61758,26.65,0.08,-25.57
"02/05/2021 13:30:00","LONGIL",61762,82.99,0.12,-81.88
"02/05/2021 13:30:00","MHK VL",61756,5.59,0.04,-4.54
"02/05/2021 13:30:00","MILLWD",61759,27.18,0.09,-26.09
"02/05/2021 13:30:00","N.Y.C.",61761,26.89,0.10,-25.79
"02/05/2021 13:30:00","NORTH",61755,0.98,-0.03,0.00
"02/05/2021 13:30:00","NPX",61845,86.96,0.08,-85.88
"02/05/2021 13:30:00","O H",61846,5.02,-0.08,-4.10
"02/05/2021 13:30:00","PJM",61847,17.00,0.02,-15.98
"02/05/2021 13:30:00","WEST",61752,5.38,-0.05,-4.42
"02/05/2021 13:35:00","CAPITL",61757,34.33,0.32,-30.16
"02/05/2021 13:35:00","CENTRL",61754,7.58,0.02,-3.71
"02/05/2021 13:35:00","DUNWOD",61760,26.25,0.35,-22.06
"02/05/2021 13:35:00","GENESE",61753,6.60,-0.12,-2.87
"02/05/2021 13:35:00","H Q",61844,3.75,-0.10,0.00
"02/05/2021 13:35:00","HUD VL",61758,26.01,0.30,-21.86
"02/05/2021 13:35:00","LONGIL",61762,83.04,0.44,-78.75
"02/05/2021 13:35:00","MHK VL",61756,7.88,0.15,-3.88
"02/05/2021 13:35:00","MILLWD",61759,26.49,0.33,-22.31
"02/05/2021 13:35:00","N.Y.C.",61761,26.28,0.37,-22.06
"02/05/2021 13:35:00","NORTH",61755,3.76,-0.09,0.00
"02/05/2021 13:35:00","NPX",61845,71.57,0.29,-67.43
"02/05/2021 13:35:00","O H",61846,7.05,-0.30,-3.50
"02/05/2021 13:35:00","PJM",61847,17.57,0.06,-13.67
"02/05/2021 13:35:00","WEST",61752,7.44,-0.19,-3.78
"02/05/2021 13:40:00","CAPITL",61757,29.94,0.58,-22.26
"02/05/2021 13:40:00","CENTRL",61754,9.85,0.01,-2.74
"02/05/2021 13:40:00","DUNWOD",61760,24.02,0.64,-16.28
"02/05/2021 13:40:00","GENESE",61753,8.97,-0.25,-2.12
"02/05/2021 13:40:00","H Q",61844,6.91,-0.19,0.00
"02/05/2021 13:40:00","HUD VL",61758,23.79,0.55,-16.14
"02/05/2021 13:40:00","LONGIL",61762,83.09,0.82,-75.17
"02/05/2021 13:40:00","MHK VL",61756,10.24,0.28,-2.87
"02/05/2021 13:40:00","MILLWD",61759,24.19,0.62,-16.47
"02/05/2021 13:40:00","N.Y.C.",61761,24.08,0.70,-16.28
"02/05/2021 13:40:00","NORTH",61755,6.93,-0.17,0.00
"02/05/2021 13:40:00","NPX",61845,68.27,0.55,-60.62
"02/05/2021 13:40:00","O H",61846,9.07,-0.61,-2.59
"02/05/2021 13:40:00","PJM",61847,17.28,0.09,-10.09
"02/05/2021 13:40:00","WEST",61752,9.49,-0.40,-2.79
"02/05/2021 13:45:00","CAPITL",61757,29.57,0.57,-21.86
"02/05/2021 13:45:00","CENTRL",61754,9.86,0.03,-2.69
"02/05/2021 13:45:00","DUNWOD",61760,23.77,0.64,-15.99
"02/05/2021 13:45:00","GENESE",61753,8.98,-0.24,-2.08
"02/05/2021 13:45:00","H Q",61844,6.95,-0.19,0.00
"02/05/2021 13:45:00","HUD VL",61758,23.55,0.56,-15.85
"02/05/2021 13:45:00","LONGIL",61762,83.09,0.83,-75.12
"02/05/2021 13:45:00","MHK VL",61756,10.23,0.27,-2.82
"02/05/2021 13:45:00","MILLWD",61759,23.94,0.62,-16.17
"02/05/2021 13:45:00","N.Y.C.",61761,23.83,0.70,-15.99
"02/05/2021 13:45:00","NORTH",61755,6.96,-0.18,0.00
"02/05/2021 13:45:00","NPX",61845,67.96,0.54,-60.28
"02/05/2021 13:45:00","O H",61846,9.07,-0.61,-2.54
"02/05/2021 13:45:00","PJM",61847,17.16,0.11,-9.91
"02/05/2021 13:45:00","WEST",61752,9.49,-0.39,-2.74
"02/05/2021 13:50:00","CAPITL",61757,28.81,0.80,-18.17
"02/05/2021 13:50:00","CENTRL",61754,12.11,0.03,-2.24
"02/05/2021 13:50:00","DUNWOD",61760,24.01,0.88,-13.29
"02/05/2021 13:50:00","GENESE",61753,11.23,-0.34,-1.73
"02/05/2021 13:50:00","H Q",61844,9.58,-0.27,0.00
"02/05/2021 13:50:00","HUD VL",61758,23.77,0.76,-13.17
"02/05/2021 13:50:00","LONGIL",61762,83.13,1.13,-72.15
"02/05/2021 13:50:00","MHK VL",61756,12.56,0.37,-2.34
"02/05/2021 13:50:00","MILLWD",61759,24.13,0.85,-13.44
"02/05/2021 13:50:00","N.Y.C.",61761,24.09,0.95,-13.29
"02/05/2021 13:50:00","NORTH",61755,9.61,-0.24,0.00
"02/05/2021 13:50:00","NPX",61845,47.56,0.75,-36.97
"02/05/2021 13:50:00","O H",61846,11.10,-0.86,-2.11
"02/05/2021 13:50:00","PJM",61847,18.21,0.14,-8.23
"02/05/2021 13:50:00","WEST",61752,11.57,-0.55,-2.28
"02/05/2021 13:55:00","CAPITL",61757,29.57,0.57,-21.85
"02/05/2021 13:55:00","CENTRL",61754,9.87,0.03,-2.69
"02/05/2021 13:55:00","DUNWOD",61760,23.78,0.64,-15.98
"02/05/2021 13:55:00","GENESE",61753,8.99,-0.24,-2.08
"02/05/2021 13:55:00","H Q",61844,6.96,-0.19,0.00
"02/05/2021 13:55:00","HUD VL",61758,23.55,0.56,-15.84
"02/05/2021 13:55:00","LONGIL",61762,82.53,0.82,-74.56
"02/05/2021 13:55:00","MHK VL",61756,10.24,0.27,-2.81
"02/05/2021 13:55:00","MILLWD",61759,23.93,0.62,-16.17
"02/05/2021 13:55:00","N.Y.C.",61761,23.83,0.70,-15.98
"02/05/2021 13:55:00","NORTH",61755,6.98,-0.17,0.00
"02/05/2021 13:55:00","NPX",61845,47.84,0.54,-40.15
"02/05/2021 13:55:00","O H",61846,9.08,-0.61,-2.54
"02/05/2021 13:55:00","PJM",61847,17.16,0.11,-9.90
"02/05/2021 13:55:00","WEST",61752,9.50,-0.39,-2.74
"02/05/2021 14:00:00","CAPITL",61757,29.97,0.57,-22.35
"02/05/2021 14:00:00","CENTRL",61754,9.84,0.04,-2.75
"02/05/2021 14:00:00","DUNWOD",61760,24.03,0.63,-16.34
"02/05/2021 14:00:00","GENESE",61753,8.96,-0.23,-2.13
"02/05/2021 14:00:00","H Q",61844,6.86,-0.20,0.00
"02/05/2021 14:00:00","HUD VL",61758,23.80,0.54,-16.20
"02/05/2021 14:00:00","LONGIL",61762,83.09,0.80,-75.23
"02/05/2021 14:00:00","MHK VL",61756,10.20,0.27,-2.88
"02/05/2021 14:00:00","MILLWD",61759,24.19,0.60,-16.53
"02/05/2021 14:00:00","N.Y.C.",61761,24.08,0.68,-16.34
"02/05/2021 14:00:00","NORTH",61755,6.88,-0.18,0.00
"02/05/2021 14:00:00","NPX",61845,48.17,0.54,-40.58
"02/05/2021 14:00:00","O H",61846,9.07,-0.58,-2.60
"02/05/2021 14:00:00","PJM",61847,17.30,0.11,-10.13
"02/05/2021 14:00:00","WEST",61752,9.51,-0.35,-2.80
"02/05/2021 14:05:00","CAPITL",61757,31.92,0.55,-24.62
"02/05/2021 14:05:00","CENTRL",61754,9.82,0.03,-3.03
"02/05/2021 14:05:00","DUNWOD",61760,25.36,0.60,-18.01
"02/05/2021 14:05:00","GENESE",61753,8.89,-0.21,-2.34
"02/05/2021 14:05:00","H Q",61844,6.56,-0.19,0.00
"02/05/2021 14:05:00","HUD VL",61758,25.12,0.52,-17.85
"02/05/2021 14:05:00","LONGIL",61762,83.08,0.78,-75.55
"02/05/2021 14:05:00","MHK VL",61756,10.18,0.26,-3.17
"02/05/2021 14:05:00","MILLWD",61759,25.55,0.58,-18.21
"02/05/2021 14:05:00","N.Y.C.",61761,25.41,0.65,-18.01
"02/05/2021 14:05:00","NORTH",61755,6.58,-0.18,0.00
"02/05/2021 14:05:00","NPX",61845,56.68,0.52,-49.41
"02/05/2021 14:05:00","O H",61846,9.07,-0.54,-2.86
"02/05/2021 14:05:00","PJM",61847,18.02,0.11,-11.16
"02/05/2021 14:05:00","WEST",61752,9.50,-0.34,-3.09
"02/05/2021 14:10:00","CAPITL",61757,27.44,2.06,0.00
"02/05/2021 14:10:00","CENTRL",61754,25.51,0.13,0.00
"02/05/2021 14:10:00","DUNWOD",61760,27.54,2.16,0.00
"02/05/2021 14:10:00","GENESE",61753,24.57,-0.81,0.00
"02/05/2021 14:10:00","H Q",61844,24.73,-0.66,0.00
"02/05/2021 14:10:00","HUD VL",61758,27.26,1.88,0.00
"02/05/2021 14:10:00","LONGIL",61762,83.36,2.82,-55.16
"02/05/2021 14:10:00","MHK VL",61756,26.35,0.96,0.00
"02/05/2021 14:10:00","MILLWD",61759,27.47,2.08,0.00
"02/05/2021 14:10:00","N.Y.C.",61761,27.75,2.36,0.00
"02/05/2021 14:10:00","NORTH",61755,24.80,-0.58,0.00
"02/05/2021 14:10:00","NPX",61845,55.47,1.90,-28.18
"02/05/2021 14:10:00","O H",61846,23.28,-2.11,0.00
"02/05/2021 14:10:00","PJM",61847,25.72,0.33,0.00
"02/05/2021 14:10:00","WEST",61752,24.07,-1.32,0.00
"02/05/2021 14:15:00","CAPITL",61757,27.44,2.06,0.00
"02/05/2021 14:15:00","CENTRL",61754,25.44,0.05,0.00
"02/05/2021 14:15:00","DUNWOD",61760,27.54,2.16,0.00
"02/05/2021 14:15:00","GENESE",61753,24.52,-0.86,0.00
"02/05/2021 14:15:00","H Q",61844,24.75,-0.63,0.00
"02/05/2021 14:15:00","HUD VL",61758,27.24,1.85,0.00
"02/05/2021 14:15:00","LONGIL",61762,83.34,2.79,-55.16
"02/05/2021 14:15:00","MHK VL",61756,26.35,0.96,0.00
"02/05/2021 14:15:00","MILLWD",61759,27.44,2.06,0.00
"02/05/2021 14:15:00","N.Y.C.",61761,27.72,2.33,0.00
"02/05/2021 14:15:00","NORTH",61755,24.85,-0.53,0.00
"02/05/2021 14:15:00","NPX",61845,55.47,1.90,-28.18
"02/05/2021 14:15:00","O H",61846,23.18,-2.21,0.00
"02/05/2021 14:15:00","PJM",61847,25.61,0.23,0.00
"02/05/2021 14:15:00","WEST",61752,23.91,-1.47,0.00
"02/05/2021 14:20:00","CAPITL",61757,27.42,2.03,0.00
"02/05/2021 14:20:00","CENTRL",61754,25.46,0.08,0.00
"02/05/2021 14:20:00","DUNWOD",61760,27.54,2.16,0.00
"02/05/2021 14:20:00","GENESE",61753,24.52,-0.86,0.00
"02/05/2021 14:20:00","H Q",61844,24.75,-0.63,0.00
"02/05/2021 14:20:00","HUD VL",61758,27.24,1.85,0.00
"02/05/2021 14:20:00","LONGIL",61762,83.34,2.79,-55.16
"02/05/2021 14:20:00","MHK VL",61756,26.38,0.99,0.00
"02/05/2021 14:20:00","MILLWD",61759,27.44,2.06,0.00
"02/05/2021 14:20:00","N.Y.C.",61761,27.72,2.33,0.00
"02/05/2021 14:20:00","NORTH",61755,24.90,-0.48,0.00
"02/05/2021 14:20:00","NPX",61845,50.08,1.88,-22.81
"02/05/2021 14:20:00","O H",61846,23.18,-2.21,0.00
"02/05/2021 14:20:00","PJM",61847,25.64,0.25,0.00
"02/05/2021 14:20:00","WEST",61752,23.94,-1.45,0.00
"02/05/2021 14:25:00","CAPITL",61757,26.71,1.95,0.00
"02/05/2021 14:25:00","CENTRL",61754,24.78,0.02,0.00
"02/05/2021 14:25:00","DUNWOD",61760,26.88,2.13,0.00
"02/05/2021 14:25:00","GENESE",61753,23.88,-0.87,0.00
"02/05/2021 14:25:00","H Q",61844,24.16,-0.59,0.00
"02/05/2021 14:25:00","HUD VL",61758,26.58,1.83,0.00
"02/05/2021 14:25:00","LONGIL",61762,83.35,2.75,-55.85
"02/05/2021 14:25:00","MHK VL",61756,25.69,0.94,0.00
"02/05/2021 14:25:00","MILLWD",61759,26.78,2.03,0.00
"02/05/2021 14:25:00","N.Y.C.",61761,27.06,2.30,0.00
"02/05/2021 14:25:00","NORTH",61755,24.31,-0.44,0.00
"02/05/2021 14:25:00","NPX",61845,49.42,1.86,-22.81
"02/05/2021 14:25:00","O H",61846,22.60,-2.15,0.00
"02/05/2021 14:25:00","PJM",61847,24.97,0.22,0.00
"02/05/2021 14:25:00","WEST",61752,23.29,-1.46,0.00
"02/05/2021 14:30:00","CAPITL",61757,27.65,1.43,-8.05
"02/05/2021 14:30:00","CENTRL",61754,19.15,0.00,-0.99
"02/05/2021 14:30:00","DUNWOD",61760,25.62,1.58,-5.88
"02/05/2021 14:30:00","GENESE",61753,18.25,-0.67,-0.76
"02/05/2021 14:30:00","H Q",61844,17.72,-0.44,0.00
"02/05/2021 14:30:00","HUD VL",61758,25.35,1.36,-5.83
"02/05/2021 14:30:00","LONGIL",61762,83.23,2.03,-63.04
"02/05/2021 14:30:00","MHK VL",61756,19.85,0.67,-1.02
"02/05/2021 14:30:00","MILLWD",61759,25.61,1.51,-5.95
"02/05/2021 14:30:00","N.Y.C.",61761,25.77,1.73,-5.88
"02/05/2021 14:30:00","NORTH",61755,17.85,-0.31,0.00
"02/05/2021 14:30:00","NPX",61845,49.27,1.36,-29.75
"02/05/2021 14:30:00","O H",61846,17.44,-1.65,-0.93
"02/05/2021 14:30:00","PJM",61847,21.95,0.14,-3.64
"02/05/2021 14:30:00","WEST",61752,18.04,-1.13,-1.01
"02/05/2021 14:35:00","CAPITL",61757,29.99,0.54,-22.38
"02/05/2021 14:35:00","CENTRL",61754,9.84,0.01,-2.75
"02/05/2021 14:35:00","DUNWOD",61760,24.03,0.61,-16.34
"02/05/2021 14:35:00","GENESE",61753,8.96,-0.23,-2.12
"02/05/2021 14:35:00","H Q",61844,6.90,-0.18,0.00
"02/05/2021 14:35:00","HUD VL",61758,23.80,0.53,-16.20
"02/05/2021 14:35:00","LONGIL",61762,83.08,0.79,-75.21
"02/05/2021 14:35:00","MHK VL",61756,10.17,0.27,-2.83
"02/05/2021 14:35:00","MILLWD",61759,24.19,0.59,-16.53
"02/05/2021 14:35:00","N.Y.C.",61761,24.09,0.67,-16.34
"02/05/2021 14:35:00","NORTH",61755,6.94,-0.13,0.00
"02/05/2021 14:35:00","NPX",61845,49.63,0.52,-42.03
"02/05/2021 14:35:00","O H",61846,9.07,-0.60,-2.60
"02/05/2021 14:35:00","PJM",61847,17.28,0.08,-10.13
"02/05/2021 14:35:00","WEST",61752,9.48,-0.40,-2.80
"02/05/2021 14:40:00","CAPITL",61757,31.94,0.53,-24.63
"02/05/2021 14:40:00","CENTRL",61754,9.82,0.01,-3.03
"02/05/2021 14:40:00","DUNWOD",61760,25.36,0.59,-17.99
"02/05/2021 14:40:00","GENESE",61753,8.89,-0.22,-2.34
"02/05/2021 14:40:00","H Q",61844,6.61,-0.17,0.00
"02/05/2021 14:40:00","HUD VL",61758,25.12,0.51,-17.84
"02/05/2021 14:40:00","LONGIL",61762,83.07,0.76,-75.54
"02/05/2021 14:40:00","MHK VL",61756,10.15,0.26,-3.12
"02/05/2021 14:40:00","MILLWD",61759,25.54,0.56,-18.20
"02/05/2021 14:40:00","N.Y.C.",61761,25.41,0.64,-17.99
"02/05/2021 14:40:00","NORTH",61755,6.65,-0.13,0.00
"02/05/2021 14:40:00","NPX",61845,51.26,0.50,-43.98
"02/05/2021 14:40:00","O H",61846,9.07,-0.56,-2.86
"02/05/2021 14:40:00","PJM",61847,17.99,0.07,-11.15
"02/05/2021 14:40:00","WEST",61752,9.49,-0.37,-3.08
"02/05/2021 14:45:00","CAPITL",61757,33.41,0.50,-26.35
"02/05/2021 14:45:00","CENTRL",61754,9.81,0.02,-3.24
"02/05/2021 14:45:00","DUNWOD",61760,26.37,0.57,-19.25
"02/05/2021 14:45:00","GENESE",61753,8.84,-0.21,-2.50
"02/05/2021 14:45:00","H Q",61844,6.39,-0.16,0.00
"02/05/2021 14:45:00","HUD VL",61758,26.12,0.49,-19.08
"02/05/2021 14:45:00","LONGIL",61762,83.68,0.73,-76.40
"02/05/2021 14:45:00","MHK VL",61756,10.14,0.26,-3.33
"02/05/2021 14:45:00","MILLWD",61759,26.57,0.55,-19.47
"02/05/2021 14:45:00","N.Y.C.",61761,26.42,0.62,-19.25
"02/05/2021 14:45:00","NORTH",61755,6.42,-0.13,0.00
"02/05/2021 14:45:00","NPX",61845,52.49,0.48,-45.46
"02/05/2021 14:45:00","O H",61846,9.06,-0.54,-3.06
"02/05/2021 14:45:00","PJM",61847,18.55,0.07,-11.93
"02/05/2021 14:45:00","WEST",61752,9.49,-0.36,-3.30
"02/05/2021 14:50:00","CAPITL",61757,32.81,0.52,-25.63
"02/05/2021 14:50:00","CENTRL",61754,9.83,0.02,-3.15
"02/05/2021 14:50:00","DUNWOD",61760,25.96,0.58,-18.72
"02/05/2021 14:50:00","GENESE",61753,8.87,-0.22,-2.43
"02/05/2021 14:50:00","H Q",61844,6.49,-0.17,0.00
"02/05/2021 14:50:00","HUD VL",61758,25.71,0.49,-18.56
"02/05/2021 14:50:00","LONGIL",61762,83.68,0.75,-76.28
"02/05/2021 14:50:00","MHK VL",61756,10.16,0.26,-3.24
"02/05/2021 14:50:00","MILLWD",61759,26.15,0.55,-18.94
"02/05/2021 14:50:00","N.Y.C.",61761,26.01,0.63,-18.72
"02/05/2021 14:50:00","NORTH",61755,6.53,-0.13,0.00
"02/05/2021 14:50:00","NPX",61845,48.85,0.49,-41.71
"02/05/2021 14:50:00","O H",61846,9.07,-0.56,-2.97
"02/05/2021 14:50:00","PJM",61847,18.33,0.07,-11.60
"02/05/2021 14:50:00","WEST",61752,9.49,-0.37,-3.21
"02/05/2021 14:55:00","CAPITL",61757,32.75,0.73,-22.77
"02/05/2021 14:55:00","CENTRL",61754,12.07,0.01,-2.80
"02/05/2021 14:55:00","DUNWOD",61760,26.68,0.80,-16.63
"02/05/2021 14:55:00","GENESE",61753,11.10,-0.32,-2.16
"02/05/2021 14:55:00","H Q",61844,9.04,-0.22,0.00
"02/05/2021 14:55:00","HUD VL",61758,26.43,0.69,-16.48
"02/05/2021 14:55:00","LONGIL",61762,83.69,1.03,-73.41
"02/05/2021 14:55:00","MHK VL",61756,12.50,0.36,-2.88
"02/05/2021 14:55:00","MILLWD",61759,26.84,0.77,-16.82
"02/05/2021 14:55:00","N.Y.C.",61761,26.75,0.87,-16.63
"02/05/2021 14:55:00","NORTH",61755,9.10,-0.16,0.00
"02/05/2021 14:55:00","NPX",61845,49.18,0.68,-39.24
"02/05/2021 14:55:00","O H",61846,11.09,-0.81,-2.64
"02/05/2021 14:55:00","PJM",61847,19.63,0.07,-10.30
"02/05/2021 14:55:00","WEST",61752,11.55,-0.56,-2.85
"02/05/2021 15:00:00","CAPITL",61757,32.75,0.72,-22.77
"02/05/2021 15:00:00","CENTRL",61754,12.07,0.02,-2.80
"02/05/2021 15:00:00","DUNWOD",61760,26.69,0.81,-16.63
"02/05/2021 15:00:00","GENESE",61753,11.11,-0.31,-2.16
"02/05/2021 15:00:00","H Q",61844,9.04,-0.22,0.00
"02/05/2021 15:00:00","HUD VL",61758,26.44,0.69,-16.48
"02/05/2021 15:00:00","LONGIL",61762,82.55,1.04,-72.26
"02/05/2021 15:00:00","MHK VL",61756,12.50,0.36,-2.88
"02/05/2021 15:00:00","MILLWD",61759,26.84,0.77,-16.82
"02/05/2021 15:00:00","N.Y.C.",61761,26.76,0.88,-16.63
"02/05/2021 15:00:00","NORTH",61755,9.11,-0.15,0.00
"02/05/2021 15:00:00","NPX",61845,49.18,0.69,-39.24
"02/05/2021 15:00:00","O H",61846,11.09,-0.81,-2.64
"02/05/2021 15:00:00","PJM",61847,19.66,0.10,-10.30
"02/05/2021 15:00:00","WEST",61752,11.57,-0.54,-2.85
"02/05/2021 15:05:00","CAPITL",61757,33.41,0.51,-26.34
"02/05/2021 15:05:00","CENTRL",61754,9.82,0.02,-3.24
"02/05/2021 15:05:00","DUNWOD",61760,26.36,0.57,-19.23
"02/05/2021 15:05:00","GENESE",61753,8.85,-0.22,-2.50
"02/05/2021 15:05:00","H Q",61844,6.40,-0.16,0.00
"02/05/2021 15:05:00","HUD VL",61758,26.12,0.49,-19.07
"02/05/2021 15:05:00","LONGIL",61762,82.54,0.73,-75.24
"02/05/2021 15:05:00","MHK VL",61756,10.15,0.26,-3.33
"02/05/2021 15:05:00","MILLWD",61759,26.57,0.55,-19.46
"02/05/2021 15:05:00","N.Y.C.",61761,26.42,0.62,-19.23
"02/05/2021 15:05:00","NORTH",61755,6.46,-0.11,0.00
"02/05/2021 15:05:00","NPX",61845,49.04,0.49,-42.00
"02/05/2021 15:05:00","O H",61846,9.07,-0.54,-3.05
"02/05/2021 15:05:00","PJM",61847,18.55,0.07,-11.92
"02/05/2021 15:05:00","WEST",61752,9.50,-0.36,-3.30
"02/05/2021 15:10:00","CAPITL",61757,32.81,0.51,-25.67
"02/05/2021 15:10:00","CENTRL",61754,9.81,0.02,-3.16
"02/05/2021 15:10:00","DUNWOD",61760,25.94,0.57,-18.74
"02/05/2021 15:10:00","GENESE",61753,8.86,-0.21,-2.44
"02/05/2021 15:10:00","H Q",61844,6.47,-0.16,0.00
"02/05/2021 15:10:00","HUD VL",61758,25.71,0.49,-18.59
"02/05/2021 15:10:00","LONGIL",61762,82.53,0.73,-75.17
"02/05/2021 15:10:00","MHK VL",61756,10.19,0.27,-3.30
"02/05/2021 15:10:00","MILLWD",61759,26.14,0.55,-18.96
"02/05/2021 15:10:00","N.Y.C.",61761,26.00,0.62,-18.74
"02/05/2021 15:10:00","NORTH",61755,6.53,-0.10,0.00
"02/05/2021 15:10:00","NPX",61845,48.54,0.49,-41.42
"02/05/2021 15:10:00","O H",61846,9.07,-0.54,-2.98
"02/05/2021 15:10:00","PJM",61847,18.32,0.07,-11.61
"02/05/2021 15:10:00","WEST",61752,9.50,-0.35,-3.22
"02/05/2021 15:15:00","CAPITL",61757,36.73,0.27,-32.96
"02/05/2021 15:15:00","CENTRL",61754,7.56,0.01,-4.06
"02/05/2021 15:15:00","DUNWOD",61760,27.86,0.30,-24.06
"02/05/2021 15:15:00","GENESE",61753,6.52,-0.10,-3.13
"02/05/2021 15:15:00","H Q",61844,3.41,-0.08,0.00
"02/05/2021 15:15:00","HUD VL",61758,27.62,0.26,-23.87
"02/05/2021 15:15:00","LONGIL",61762,72.37,0.38,-68.49
"02/05/2021 15:15:00","MHK VL",61756,7.87,0.14,-4.23
"02/05/2021 15:15:00","MILLWD",61759,28.12,0.29,-24.34
"02/05/2021 15:15:00","N.Y.C.",61761,27.89,0.33,-24.06
"02/05/2021 15:15:00","NORTH",61755,3.45,-0.05,0.00
"02/05/2021 15:15:00","NPX",61845,51.44,0.26,-47.69
"02/05/2021 15:15:00","O H",61846,7.05,-0.27,-3.82
"02/05/2021 15:15:00","PJM",61847,18.44,0.03,-14.91
"02/05/2021 15:15:00","WEST",61752,7.45,-0.18,-4.13
"02/05/2021 15:20:00","CAPITL",61757,37.56,0.06,-36.66
"02/05/2021 15:20:00","CENTRL",61754,5.35,0.00,-4.51
"02/05/2021 15:20:00","DUNWOD",61760,27.67,0.07,-26.76
"02/05/2021 15:20:00","GENESE",61753,4.30,-0.02,-3.48
"02/05/2021 15:20:00","H Q",61844,0.82,-0.02,0.00
"02/05/2021 15:20:00","HUD VL",61758,27.44,0.06,-26.54
"02/05/2021 15:20:00","LONGIL",61762,82.50,0.09,-81.56
"02/05/2021 15:20:00","MHK VL",61756,5.58,0.03,-4.71
"02/05/2021 15:20:00","MILLWD",61759,27.98,0.07,-27.07
"02/05/2021 15:20:00","N.Y.C.",61761,27.68,0.08,-26.76
"02/05/2021 15:20:00","NORTH",61755,0.83,-0.01,0.00
"02/05/2021 15:20:00","NPX",61845,51.09,0.06,-50.19
"02/05/2021 15:20:00","O H",61846,5.02,-0.06,-4.25
"02/05/2021 15:20:00","PJM",61847,17.43,0.01,-16.58
"02/05/2021 15:20:00","WEST",61752,5.39,-0.04,-4.59
"02/05/2021 15:25:00","CAPITL",61757,37.39,0.07,-36.46
"02/05/2021 15:25:00","CENTRL",61754,5.35,0.00,-4.49
"02/05/2021 15:25:00","DUNWOD",61760,27.55,0.08,-26.61
"02/05/2021 15:25:00","GENESE",61753,4.30,-0.03,-3.46
"02/05/2021 15:25:00","H Q",61844,0.84,-0.02,0.00
"02/05/2021 15:25:00","HUD VL",61758,27.33,0.06,-26.40
"02/05/2021 15:25:00","LONGIL",61762,82.50,0.10,-81.54
"02/05/2021 15:25:00","MHK VL",61756,5.58,0.03,-4.68
"02/05/2021 15:25:00","MILLWD",61759,27.85,0.07,-26.92
"02/05/2021 15:25:00","N.Y.C.",61761,27.56,0.08,-26.61
"02/05/2021 15:25:00","NORTH",61755,0.85,-0.01,0.00
"02/05/2021 15:25:00","NPX",61845,50.94,0.06,-50.01
"02/05/2021 15:25:00","O H",61846,5.02,-0.07,-4.23
"02/05/2021 15:25:00","PJM",61847,17.36,0.01,-16.49
"02/05/2021 15:25:00","WEST",61752,5.39,-0.04,-4.57
"02/05/2021 15:30:00","CAPITL",61757,36.79,0.08,-35.73
"02/05/2021 15:30:00","CENTRL",61754,5.30,0.00,-4.32
"02/05/2021 15:30:00","DUNWOD",61760,27.15,0.08,-26.08
"02/05/2021 15:30:00","GENESE",61753,4.32,-0.03,-3.37
"02/05/2021 15:30:00","H Q",61844,0.96,-0.02,0.00
"02/05/2021 15:30:00","HUD VL",61758,26.92,0.07,-25.87
"02/05/2021 15:30:00","LONGIL",61762,83.64,0.11,-82.54
"02/05/2021 15:30:00","MHK VL",61756,5.67,0.04,-4.64
"02/05/2021 15:30:00","MILLWD",61759,27.44,0.08,-26.38
"02/05/2021 15:30:00","N.Y.C.",61761,27.15,0.09,-26.08
"02/05/2021 15:30:00","NORTH",61755,0.97,-0.01,0.00
"02/05/2021 15:30:00","NPX",61845,50.44,0.07,-49.38
"02/05/2021 15:30:00","O H",61846,5.03,-0.08,-4.12
"02/05/2021 15:30:00","PJM",61847,17.14,0.01,-16.15
"02/05/2021 15:30:00","WEST",61752,5.38,-0.05,-4.45
"02/05/2021 15:35:00","CAPITL",61757,36.79,0.08,-35.73
"02/05/2021 15:35:00","CENTRL",61754,5.30,0.00,-4.32
"02/05/2021 15:35:00","DUNWOD",61760,27.15,0.08,-26.08
"02/05/2021 15:35:00","GENESE",61753,4.32,-0.03,-3.37
"02/05/2021 15:35:00","H Q",61844,0.96,-0.02,0.00
"02/05/2021 15:35:00","HUD VL",61758,26.92,0.07,-25.86
"02/05/2021 15:35:00","LONGIL",61762,83.64,0.11,-82.54
"02/05/2021 15:35:00","MHK VL",61756,5.67,0.04,-4.64
"02/05/2021 15:35:00","MILLWD",61759,27.44,0.08,-26.37
"02/05/2021 15:35:00","N.Y.C.",61761,27.15,0.09,-26.07
"02/05/2021 15:35:00","NORTH",61755,0.97,-0.02,0.00
"02/05/2021 15:35:00","NPX",61845,47.80,0.07,-46.75
"02/05/2021 15:35:00","O H",61846,5.03,-0.08,-4.12
"02/05/2021 15:35:00","PJM",61847,17.14,0.01,-16.15
"02/05/2021 15:35:00","WEST",61752,5.38,-0.05,-4.45
"02/05/2021 15:40:00","CAPITL",61757,36.74,0.22,-33.73
"02/05/2021 15:40:00","CENTRL",61754,6.88,0.01,-4.07
"02/05/2021 15:40:00","DUNWOD",61760,27.66,0.24,-24.62
"02/05/2021 15:40:00","GENESE",61753,5.89,-0.09,-3.18
"02/05/2021 15:40:00","H Q",61844,2.74,-0.07,0.00
"02/05/2021 15:40:00","HUD VL",61758,27.43,0.21,-24.42
"02/05/2021 15:40:00","LONGIL",61762,83.66,0.31,-80.54
"02/05/2021 15:40:00","MHK VL",61756,7.30,0.11,-4.38
"02/05/2021 15:40:00","MILLWD",61759,27.93,0.23,-24.90
"02/05/2021 15:40:00","N.Y.C.",61761,27.68,0.26,-24.61
"02/05/2021 15:40:00","NORTH",61755,2.76,-0.04,0.00
"02/05/2021 15:40:00","NPX",61845,48.03,0.20,-45.02
"02/05/2021 15:40:00","O H",61846,6.46,-0.23,-3.89
"02/05/2021 15:40:00","PJM",61847,18.08,0.03,-15.24
"02/05/2021 15:40:00","WEST",61752,6.85,-0.15,-4.20
"02/05/2021 15:45:00","CAPITL",61757,37.39,0.07,-36.42
"02/05/2021 15:45:00","CENTRL",61754,5.30,0.00,-4.40
"02/05/2021 15:45:00","DUNWOD",61760,27.56,0.08,-26.58
"02/05/2021 15:45:00","GENESE",61753,4.30,-0.03,-3.43
"02/05/2021 15:45:00","H Q",61844,0.88,-0.02,0.00
"02/05/2021 15:45:00","HUD VL",61758,27.33,0.07,-26.37
"02/05/2021 15:45:00","LONGIL",61762,83.74,0.10,-82.74
"02/05/2021 15:45:00","MHK VL",61756,5.67,0.04,-4.73
"02/05/2021 15:45:00","MILLWD",61759,27.86,0.07,-26.89
"02/05/2021 15:45:00","N.Y.C.",61761,27.57,0.09,-26.58
"02/05/2021 15:45:00","NORTH",61755,0.88,-0.01,0.00
"02/05/2021 15:45:00","NPX",61845,48.31,0.07,-47.35
"02/05/2021 15:45:00","O H",61846,5.02,-0.07,-4.20
"02/05/2021 15:45:00","PJM",61847,17.37,0.01,-16.46
"02/05/2021 15:45:00","WEST",61752,5.39,-0.05,-4.54
"02/05/2021 15:50:00","CAPITL",61757,36.79,0.08,-35.73
"02/05/2021 15:50:00","CENTRL",61754,5.30,0.00,-4.32
"02/05/2021 15:50:00","DUNWOD",61760,27.15,0.08,-26.08
"02/05/2021 15:50:00","GENESE",61753,4.32,-0.03,-3.37
"02/05/2021 15:50:00","H Q",61844,0.96,-0.02,0.00
"02/05/2021 15:50:00","HUD VL",61758,26.92,0.07,-25.87
"02/05/2021 15:50:00","LONGIL",61762,83.75,0.11,-82.66
"02/05/2021 15:50:00","MHK VL",61756,5.67,0.04,-4.64
"02/05/2021 15:50:00","MILLWD",61759,27.44,0.08,-26.38
"02/05/2021 15:50:00","N.Y.C.",61761,27.15,0.09,-26.08
"02/05/2021 15:50:00","NORTH",61755,0.97,-0.02,0.00
"02/05/2021 15:50:00","NPX",61845,46.60,0.07,-45.55
"02/05/2021 15:50:00","O H",61846,5.02,-0.08,-4.12
"02/05/2021 15:50:00","PJM",61847,17.14,0.01,-16.15
"02/05/2021 15:50:00","WEST",61752,5.38,-0.05,-4.45
"02/05/2021 15:55:00","CAPITL",61757,36.40,0.08,-35.28
"02/05/2021 15:55:00","CENTRL",61754,5.31,0.00,-4.26
"02/05/2021 15:55:00","DUNWOD",61760,26.89,0.09,-25.75
"02/05/2021 15:55:00","GENESE",61753,4.34,-0.03,-3.32
"02/05/2021 15:55:00","H Q",61844,1.02,-0.03,0.00
"02/05/2021 15:55:00","HUD VL",61758,26.66,0.08,-25.54
"02/05/2021 15:55:00","LONGIL",61762,83.75,0.12,-82.59
"02/05/2021 15:55:00","MHK VL",61756,5.67,0.04,-4.58
"02/05/2021 15:55:00","MILLWD",61759,27.18,0.09,-26.05
"02/05/2021 15:55:00","N.Y.C.",61761,26.89,0.10,-25.75
"02/05/2021 15:55:00","NORTH",61755,1.03,-0.02,0.00
"02/05/2021 15:55:00","NPX",61845,46.28,0.08,-45.16
"02/05/2021 15:55:00","O H",61846,5.03,-0.08,-4.07
"02/05/2021 15:55:00","PJM",61847,17.00,0.01,-15.95
"02/05/2021 15:55:00","WEST",61752,5.38,-0.06,-4.39
"02/05/2021 16:00:00","CAPITL",61757,28.64,-0.03,-29.04
"02/05/2021 16:00:00","CENTRL",61754,3.14,0.00,-3.51
"02/05/2021 16:00:00","DUNWOD",61760,20.81,-0.03,-21.22
"02/05/2021 16:00:00","GENESE",61753,2.38,0.01,-2.74
"02/05/2021 16:00:00","H Q",61844,-0.36,0.01,0.00
"02/05/2021 16:00:00","HUD VL",61758,20.63,-0.03,-21.02
"02/05/2021 16:00:00","LONGIL",61762,62.00,-0.04,-62.41
"02/05/2021 16:00:00","MHK VL",61756,3.39,-0.01,-3.78
"02/05/2021 16:00:00","MILLWD",61759,21.05,-0.03,-21.45
"02/05/2021 16:00:00","N.Y.C.",61761,20.81,-0.04,-21.22
"02/05/2021 16:00:00","NORTH",61755,-0.36,0.01,0.00
"02/05/2021 16:00:00","NPX",61845,39.40,-0.03,-39.80
"02/05/2021 16:00:00","O H",61846,3.01,0.03,-3.35
"02/05/2021 16:00:00","PJM",61847,12.77,0.00,-13.14
"02/05/2021 16:00:00","WEST",61752,3.27,0.02,-3.62
"02/05/2021 16:05:00","CAPITL",61757,32.54,-0.07,-33.55
"02/05/2021 16:05:00","CENTRL",61754,3.11,0.00,-4.06
"02/05/2021 16:05:00","DUNWOD",61760,23.49,-0.08,-24.52
"02/05/2021 16:05:00","GENESE",61753,2.25,0.03,-3.16
"02/05/2021 16:05:00","H Q",61844,-0.92,0.02,0.00
"02/05/2021 16:05:00","HUD VL",61758,23.28,-0.07,-24.29
"02/05/2021 16:05:00","LONGIL",61762,62.00,-0.11,-63.04
"02/05/2021 16:05:00","MHK VL",61756,3.39,-0.04,-4.37
"02/05/2021 16:05:00","MILLWD",61759,23.77,-0.08,-24.79
"02/05/2021 16:05:00","N.Y.C.",61761,23.48,-0.09,-24.52
"02/05/2021 16:05:00","NORTH",61755,-0.92,0.02,0.00
"02/05/2021 16:05:00","NPX",61845,45.02,-0.07,-46.03
"02/05/2021 16:05:00","O H",61846,3.01,0.08,-3.87
"02/05/2021 16:05:00","PJM",61847,14.24,-0.01,-15.19
"02/05/2021 16:05:00","WEST",61752,3.29,0.05,-4.18
"02/05/2021 16:10:00","CAPITL",61757,32.54,-0.07,-33.54
"02/05/2021 16:10:00","CENTRL",61754,3.15,0.00,-4.09
"02/05/2021 16:10:00","DUNWOD",61760,23.49,-0.08,-24.52
"02/05/2021 16:10:00","GENESE",61753,2.25,0.03,-3.16
"02/05/2021 16:10:00","H Q",61844,-0.91,0.02,0.00
"02/05/2021 16:10:00","HUD VL",61758,23.28,-0.07,-24.29
"02/05/2021 16:10:00","LONGIL",61762,72.32,-0.11,-73.36
"02/05/2021 16:10:00","MHK VL",61756,3.34,-0.04,-4.31
"02/05/2021 16:10:00","MILLWD",61759,23.77,-0.08,-24.79
"02/05/2021 16:10:00","N.Y.C.",61761,23.49,-0.09,-24.51
"02/05/2021 16:10:00","NORTH",61755,-0.92,0.02,0.00
"02/05/2021 16:10:00","NPX",61845,45.02,-0.07,-46.03
"02/05/2021 16:10:00","O H",61846,3.01,0.07,-3.87
"02/05/2021 16:10:00","PJM",61847,14.24,-0.01,-15.19
"02/05/2021 16:10:00","WEST",61752,3.29,0.05,-4.18
"02/05/2021 16:15:00","CAPITL",61757,32.53,-0.07,-33.54
"02/05/2021 16:15:00","CENTRL",61754,3.15,0.00,-4.09
"02/05/2021 16:15:00","DUNWOD",61760,23.49,-0.08,-24.51
"02/05/2021 16:15:00","GENESE",61753,2.25,0.03,-3.16
"02/05/2021 16:15:00","H Q",61844,-0.91,0.02,0.00
"02/05/2021 16:15:00","HUD VL",61758,23.28,-0.07,-24.28
"02/05/2021 16:15:00","LONGIL",61762,80.52,-0.11,-81.56
"02/05/2021 16:15:00","MHK VL",61756,3.34,-0.04,-4.31
"02/05/2021 16:15:00","MILLWD",61759,23.77,-0.08,-24.79
"02/05/2021 16:15:00","N.Y.C.",61761,23.49,-0.09,-24.51
"02/05/2021 16:15:00","NORTH",61755,-0.92,0.02,0.00
"02/05/2021 16:15:00","NPX",61845,45.02,-0.07,-46.03
"02/05/2021 16:15:00","O H",61846,3.01,0.07,-3.87
"02/05/2021 16:15:00","PJM",61847,14.24,-0.01,-15.18
"02/05/2021 16:15:00","WEST",61752,3.29,0.05,-4.18
"02/05/2021 16:20:00","CAPITL",61757,32.53,-0.07,-33.54
"02/05/2021 16:20:00","CENTRL",61754,3.15,0.00,-4.09
"02/05/2021 16:20:00","DUNWOD",61760,23.49,-0.08,-24.51
"02/05/2021 16:20:00","GENESE",61753,2.25,0.03,-3.16
"02/05/2021 16:20:00","H Q",61844,-0.91,0.02,0.00
"02/05/2021 16:20:00","HUD VL",61758,23.28,-0.07,-24.28
"02/05/2021 16:20:00","LONGIL",61762,84.89,-0.11,-85.93
"02/05/2021 16:20:00","MHK VL",61756,3.34,-0.04,-4.31
"02/05/2021 16:20:00","MILLWD",61759,23.77,-0.08,-24.79
"02/05/2021 16:20:00","N.Y.C.",61761,23.49,-0.09,-24.51
"02/05/2021 16:20:00","NORTH",61755,-0.92,0.02,0.00
"02/05/2021 16:20:00","NPX",61845,50.41,-0.07,-51.41
"02/05/2021 16:20:00","O H",61846,3.01,0.07,-3.87
"02/05/2021 16:20:00","PJM",61847,14.24,-0.01,-15.18
"02/05/2021 16:20:00","WEST",61752,3.29,0.05,-4.18
"02/05/2021 16:25:00","CAPITL",61757,32.21,0.13,-30.43
"02/05/2021 16:25:00","CENTRL",61754,5.37,0.01,-3.71
"02/05/2021 16:25:00","DUNWOD",61760,24.04,0.15,-22.24
"02/05/2021 16:25:00","GENESE",61753,4.47,-0.05,-2.87
"02/05/2021 16:25:00","H Q",61844,1.61,-0.04,0.00
"02/05/2021 16:25:00","HUD VL",61758,23.81,0.13,-22.03
"02/05/2021 16:25:00","LONGIL",61762,84.92,0.19,-83.08
"02/05/2021 16:25:00","MHK VL",61756,5.63,0.07,-3.91
"02/05/2021 16:25:00","MILLWD",61759,24.28,0.14,-22.49
"02/05/2021 16:25:00","N.Y.C.",61761,24.05,0.16,-22.24
"02/05/2021 16:25:00","NORTH",61755,1.62,-0.03,0.00
"02/05/2021 16:25:00","NPX",61845,50.51,0.12,-48.74
"02/05/2021 16:25:00","O H",61846,5.03,-0.13,-3.51
"02/05/2021 16:25:00","PJM",61847,15.45,0.02,-13.78
"02/05/2021 16:25:00","WEST",61752,5.36,-0.09,-3.79
"02/05/2021 16:30:00","CAPITL",61757,32.33,0.13,-30.57
"02/05/2021 16:30:00","CENTRL",61754,5.37,0.01,-3.73
"02/05/2021 16:30:00","DUNWOD",61760,24.12,0.14,-22.34
"02/05/2021 16:30:00","GENESE",61753,4.47,-0.05,-2.88
"02/05/2021 16:30:00","H Q",61844,1.59,-0.04,0.00
"02/05/2021 16:30:00","HUD VL",61758,23.89,0.12,-22.13
"02/05/2021 16:30:00","LONGIL",61762,80.55,0.18,-78.73
"02/05/2021 16:30:00","MHK VL",61756,5.63,0.07,-3.93
"02/05/2021 16:30:00","MILLWD",61759,24.37,0.14,-22.59
"02/05/2021 16:30:00","N.Y.C.",61761,24.14,0.16,-22.34
"02/05/2021 16:30:00","NORTH",61755,1.60,-0.03,0.00
"02/05/2021 16:30:00","NPX",61845,50.61,0.12,-48.86
"02/05/2021 16:30:00","O H",61846,5.03,-0.13,-3.53
"02/05/2021 16:30:00","PJM",61847,15.50,0.02,-13.84
"02/05/2021 16:30:00","WEST",61752,5.36,-0.09,-3.81
"02/05/2021 16:35:00","CAPITL",61757,32.13,0.32,-27.60
"02/05/2021 16:35:00","CENTRL",61754,7.60,0.02,-3.37
"02/05/2021 16:35:00","DUNWOD",61760,24.76,0.37,-20.17
"02/05/2021 16:35:00","GENESE",61753,6.68,-0.13,-2.60
"02/05/2021 16:35:00","H Q",61844,4.10,-0.11,0.00
"02/05/2021 16:35:00","HUD VL",61758,24.52,0.32,-19.98
"02/05/2021 16:35:00","LONGIL",61762,85.07,0.48,-80.38
"02/05/2021 16:35:00","MHK VL",61756,7.94,0.18,-3.55
"02/05/2021 16:35:00","MILLWD",61759,24.97,0.36,-20.40
"02/05/2021 16:35:00","N.Y.C.",61761,24.79,0.41,-20.17
"02/05/2021 16:35:00","NORTH",61755,4.12,-0.09,0.00
"02/05/2021 16:35:00","NPX",61845,53.87,0.32,-49.34
"02/05/2021 16:35:00","O H",61846,7.05,-0.35,-3.18
"02/05/2021 16:35:00","PJM",61847,16.76,0.05,-12.50
"02/05/2021 16:35:00","WEST",61752,7.42,-0.23,-3.44
"02/05/2021 16:40:00","CAPITL",61757,31.95,0.52,-24.61
"02/05/2021 16:40:00","CENTRL",61754,9.85,0.03,-3.00
"02/05/2021 16:40:00","DUNWOD",61760,25.39,0.61,-17.97
"02/05/2021 16:40:00","GENESE",61753,8.92,-0.22,-2.32
"02/05/2021 16:40:00","H Q",61844,6.64,-0.18,0.00
"02/05/2021 16:40:00","HUD VL",61758,25.16,0.52,-17.82
"02/05/2021 16:40:00","LONGIL",61762,72.41,0.77,-64.83
"02/05/2021 16:40:00","MHK VL",61756,10.26,0.29,-3.16
"02/05/2021 16:40:00","MILLWD",61759,25.57,0.58,-18.18
"02/05/2021 16:40:00","N.Y.C.",61761,25.44,0.66,-17.97
"02/05/2021 16:40:00","NORTH",61755,6.69,-0.13,0.00
"02/05/2021 16:40:00","NPX",61845,54.08,0.50,-46.76
"02/05/2021 16:40:00","O H",61846,9.07,-0.58,-2.84
"02/05/2021 16:40:00","PJM",61847,18.02,0.08,-11.13
"02/05/2021 16:40:00","WEST",61752,9.50,-0.37,-3.06
"02/05/2021 16:45:00","CAPITL",61757,35.20,0.49,-28.39
"02/05/2021 16:45:00","CENTRL",61754,9.82,0.03,-3.46
"02/05/2021 16:45:00","DUNWOD",61760,27.64,0.56,-20.75
"02/05/2021 16:45:00","GENESE",61753,8.81,-0.20,-2.68
"02/05/2021 16:45:00","H Q",61844,6.17,-0.16,0.00
"02/05/2021 16:45:00","HUD VL",61758,27.37,0.49,-20.55
"02/05/2021 16:45:00","LONGIL",61762,62.02,0.71,-54.98
"02/05/2021 16:45:00","MHK VL",61756,10.23,0.25,-3.65
"02/05/2021 16:45:00","MILLWD",61759,27.84,0.54,-20.98
"02/05/2021 16:45:00","N.Y.C.",61761,27.69,0.61,-20.75
"02/05/2021 16:45:00","NORTH",61755,6.21,-0.12,0.00
"02/05/2021 16:45:00","NPX",61845,56.81,0.47,-50.02
"02/05/2021 16:45:00","O H",61846,9.06,-0.54,-3.28
"02/05/2021 16:45:00","PJM",61847,19.25,0.08,-12.85
"02/05/2021 16:45:00","WEST",61752,9.51,-0.35,-3.54
"02/05/2021 16:50:00","CAPITL",61757,35.38,0.49,-28.58
"02/05/2021 16:50:00","CENTRL",61754,9.83,0.03,-3.49
"02/05/2021 16:50:00","DUNWOD",61760,27.76,0.56,-20.89
"02/05/2021 16:50:00","GENESE",61753,8.81,-0.20,-2.69
"02/05/2021 16:50:00","H Q",61844,6.16,-0.16,0.00
"02/05/2021 16:50:00","HUD VL",61758,27.49,0.48,-20.69
"02/05/2021 16:50:00","LONGIL",61762,85.11,0.71,-78.08
"02/05/2021 16:50:00","MHK VL",61756,10.25,0.26,-3.67
"02/05/2021 16:50:00","MILLWD",61759,27.97,0.54,-21.12
"02/05/2021 16:50:00","N.Y.C.",61761,27.81,0.61,-20.89
"02/05/2021 16:50:00","NORTH",61755,6.20,-0.12,0.00
"02/05/2021 16:50:00","NPX",61845,49.39,0.47,-42.61
"02/05/2021 16:50:00","O H",61846,9.07,-0.54,-3.30
"02/05/2021 16:50:00","PJM",61847,19.32,0.07,-12.94
"02/05/2021 16:50:00","WEST",61752,9.52,-0.36,-3.56
"02/05/2021 16:55:00","CAPITL",61757,35.38,0.49,-28.57
"02/05/2021 16:55:00","CENTRL",61754,9.84,0.03,-3.49
"02/05/2021 16:55:00","DUNWOD",61760,27.76,0.56,-20.88
"02/05/2021 16:55:00","GENESE",61753,8.82,-0.20,-2.69
"02/05/2021 16:55:00","H Q",61844,6.17,-0.16,0.00
"02/05/2021 16:55:00","HUD VL",61758,27.49,0.49,-20.68
"02/05/2021 16:55:00","LONGIL",61762,62.02,0.71,-54.99
"02/05/2021 16:55:00","MHK VL",61756,10.26,0.26,-3.67
"02/05/2021 16:55:00","MILLWD",61759,27.97,0.54,-21.11
"02/05/2021 16:55:00","N.Y.C.",61761,27.81,0.61,-20.88
"02/05/2021 16:55:00","NORTH",61755,6.21,-0.11,0.00
"02/05/2021 16:55:00","NPX",61845,49.39,0.47,-42.60
"02/05/2021 16:55:00","O H",61846,9.07,-0.55,-3.30
"02/05/2021 16:55:00","PJM",61847,19.33,0.07,-12.93
"02/05/2021 16:55:00","WEST",61752,9.51,-0.37,-3.56
"02/05/2021 17:00:00","CAPITL",61757,37.63,0.26,-33.94
"02/05/2021 17:00:00","CENTRL",61754,7.58,0.02,-4.14
"02/05/2021 17:00:00","DUNWOD",61760,28.54,0.30,-24.81
"02/05/2021 17:00:00","GENESE",61753,6.52,-0.11,-3.20
"02/05/2021 17:00:00","H Q",61844,3.34,-0.09,0.00
"02/05/2021 17:00:00","HUD VL",61758,28.26,0.26,-24.57
"02/05/2021 17:00:00","LONGIL",61762,62.01,0.38,-58.20
"02/05/2021 17:00:00","MHK VL",61756,7.92,0.14,-4.36
"02/05/2021 17:00:00","MILLWD",61759,28.80,0.29,-25.08
"02/05/2021 17:00:00","N.Y.C.",61761,28.56,0.33,-24.80
"02/05/2021 17:00:00","NORTH",61755,3.37,-0.06,0.00
"02/05/2021 17:00:00","NPX",61845,50.91,0.25,-47.23
"02/05/2021 17:00:00","O H",61846,7.05,-0.29,-3.92
"02/05/2021 17:00:00","PJM",61847,18.83,0.04,-15.37
"02/05/2021 17:00:00","WEST",61752,7.46,-0.20,-4.23
"02/05/2021 17:05:00","CAPITL",61757,37.79,0.26,-34.12
"02/05/2021 17:05:00","CENTRL",61754,7.59,0.02,-4.16
"02/05/2021 17:05:00","DUNWOD",61760,28.65,0.30,-24.94
"02/05/2021 17:05:00","GENESE",61753,6.51,-0.11,-3.22
"02/05/2021 17:05:00","H Q",61844,3.32,-0.09,0.00
"02/05/2021 17:05:00","HUD VL",61758,28.37,0.26,-24.70
"02/05/2021 17:05:00","LONGIL",61762,58.93,0.38,-55.15
"02/05/2021 17:05:00","MHK VL",61756,7.93,0.14,-4.38
"02/05/2021 17:05:00","MILLWD",61759,28.91,0.29,-25.21
"02/05/2021 17:05:00","N.Y.C.",61761,28.67,0.33,-24.93
"02/05/2021 17:05:00","NORTH",61755,3.35,-0.06,0.00
"02/05/2021 17:05:00","NPX",61845,68.88,0.25,-65.22
"02/05/2021 17:05:00","O H",61846,7.04,-0.30,-3.94
"02/05/2021 17:05:00","PJM",61847,18.89,0.04,-15.45
"02/05/2021 17:05:00","WEST",61752,7.46,-0.19,-4.25
"02/05/2021 17:10:00","CAPITL",61757,43.48,0.20,-40.71
"02/05/2021 17:10:00","CENTRL",61754,7.53,0.01,-4.95
"02/05/2021 17:10:00","DUNWOD",61760,32.54,0.22,-29.76
"02/05/2021 17:10:00","GENESE",61753,6.33,-0.08,-3.84
"02/05/2021 17:10:00","H Q",61844,2.50,-0.06,0.00
"02/05/2021 17:10:00","HUD VL",61758,32.24,0.19,-29.48
"02/05/2021 17:10:00","LONGIL",61762,59.90,0.28,-57.05
"02/05/2021 17:10:00","MHK VL",61756,7.88,0.11,-5.21
"02/05/2021 17:10:00","MILLWD",61759,32.88,0.22,-30.10
"02/05/2021 17:10:00","N.Y.C.",61761,32.56,0.24,-29.75
"02/05/2021 17:10:00","NORTH",61755,2.52,-0.04,0.00
"02/05/2021 17:10:00","NPX",61845,73.65,0.19,-70.90
"02/05/2021 17:10:00","O H",61846,7.05,-0.22,-4.70
"02/05/2021 17:10:00","PJM",61847,21.03,0.03,-18.43
"02/05/2021 17:10:00","WEST",61752,7.49,-0.14,-5.07
"02/05/2021 17:15:00","CAPITL",61757,66.22,-0.26,-69.80
"02/05/2021 17:15:00","CENTRL",61754,5.13,-0.02,-8.48
"02/05/2021 17:15:00","DUNWOD",61760,47.40,-0.29,-51.02
"02/05/2021 17:15:00","GENESE",61753,3.35,0.09,-6.58
"02/05/2021 17:15:00","H Q",61844,-3.24,0.09,0.00
"02/05/2021 17:15:00","HUD VL",61758,46.97,-0.25,-50.55
"02/05/2021 17:15:00","LONGIL",61762,61.98,-0.37,-65.68
"02/05/2021 17:15:00","MHK VL",61756,5.46,-0.14,-8.94
"02/05/2021 17:15:00","MILLWD",61759,47.99,-0.28,-51.60
"02/05/2021 17:15:00","N.Y.C.",61761,47.36,-0.32,-51.01
"02/05/2021 17:15:00","NORTH",61755,-3.27,0.06,0.00
"02/05/2021 17:15:00","NPX",61845,92.38,-0.25,-95.95
"02/05/2021 17:15:00","O H",61846,4.99,0.27,-8.05
"02/05/2021 17:15:00","PJM",61847,28.23,-0.04,-31.60
"02/05/2021 17:15:00","WEST",61752,5.54,0.17,-8.69
"02/05/2021 17:20:00","CAPITL",61757,87.68,-0.50,-94.69
"02/05/2021 17:20:00","CENTRL",61754,4.98,-0.02,-11.51
"02/05/2021 17:20:00","DUNWOD",61760,62.13,-0.57,-69.20
"02/05/2021 17:20:00","GENESE",61753,2.61,0.19,-8.92
"02/05/2021 17:20:00","H Q",61844,-6.34,0.16,0.00
"02/05/2021 17:20:00","HUD VL",61758,61.57,-0.49,-68.57
"02/05/2021 17:20:00","LONGIL",61762,61.97,-0.72,-69.20
"02/05/2021 17:20:00","MHK VL",61756,5.34,-0.27,-12.12
"02/05/2021 17:20:00","MILLWD",61759,62.94,-0.55,-69.99
"02/05/2021 17:20:00","N.Y.C.",61761,62.07,-0.61,-69.19
"02/05/2021 17:20:00","NORTH",61755,-6.39,0.11,0.00
"02/05/2021 17:20:00","NPX",61845,112.74,-0.48,-119.72
"02/05/2021 17:20:00","O H",61846,4.97,0.55,-10.92
"02/05/2021 17:20:00","PJM",61847,36.31,-0.05,-42.87
"02/05/2021 17:20:00","WEST",61752,5.66,0.38,-11.79
"02/05/2021 17:25:00","CAPITL",61757,83.23,-0.46,-89.56
"02/05/2021 17:25:00","CENTRL",61754,4.99,-0.02,-10.89
"02/05/2021 17:25:00","DUNWOD",61760,59.07,-0.51,-65.46
"02/05/2021 17:25:00","GENESE",61753,2.75,0.18,-8.44
"02/05/2021 17:25:00","H Q",61844,-5.73,0.15,0.00
"02/05/2021 17:25:00","HUD VL",61758,58.54,-0.45,-64.86
"02/05/2021 17:25:00","LONGIL",61762,61.97,-0.66,-68.50
"02/05/2021 17:25:00","MHK VL",61756,5.34,-0.25,-11.46
"02/05/2021 17:25:00","MILLWD",61759,59.84,-0.49,-66.21
"02/05/2021 17:25:00","N.Y.C.",61761,59.02,-0.55,-65.44
"02/05/2021 17:25:00","NORTH",61755,-5.77,0.10,0.00
"02/05/2021 17:25:00","NPX",61845,109.00,-0.43,-115.31
"02/05/2021 17:25:00","O H",61846,4.98,0.52,-10.33
"02/05/2021 17:25:00","PJM",61847,34.63,-0.04,-40.55
"02/05/2021 17:25:00","WEST",61752,5.64,0.36,-11.15
"02/05/2021 17:30:00","CAPITL",61757,58.67,-0.17,-61.08
"02/05/2021 17:30:00","CENTRL",61754,5.18,-0.01,-7.42
"02/05/2021 17:30:00","DUNWOD",61760,42.21,-0.19,-44.64
"02/05/2021 17:30:00","GENESE",61753,3.59,0.07,-5.76
"02/05/2021 17:30:00","H Q",61844,-2.18,0.06,0.00
"02/05/2021 17:30:00","HUD VL",61758,41.83,-0.17,-44.23
"02/05/2021 17:30:00","LONGIL",61762,80.50,-0.25,-82.98
"02/05/2021 17:30:00","MHK VL",61756,5.49,-0.10,-7.82
"02/05/2021 17:30:00","MILLWD",61759,42.73,-0.19,-45.15
"02/05/2021 17:30:00","N.Y.C.",61761,42.19,-0.21,-44.63
"02/05/2021 17:30:00","NORTH",61755,-2.20,0.04,0.00
"02/05/2021 17:30:00","NPX",61845,88.38,-0.17,-90.78
"02/05/2021 17:30:00","O H",61846,5.00,0.19,-7.05
"02/05/2021 17:30:00","PJM",61847,25.40,-0.02,-27.65
"02/05/2021 17:30:00","WEST",61752,5.50,0.13,-7.61
"02/05/2021 17:35:00","CAPITL",61757,57.54,0.04,-56.99
"02/05/2021 17:35:00","CENTRL",61754,7.43,0.00,-6.92
"02/05/2021 17:35:00","DUNWOD",61760,42.21,0.04,-41.65
"02/05/2021 17:35:00","GENESE",61753,5.86,-0.02,-5.36
"02/05/2021 17:35:00","H Q",61844,0.50,-0.01,0.00
"02/05/2021 17:35:00","HUD VL",61758,41.82,0.04,-41.27
"02/05/2021 17:35:00","LONGIL",61762,127.40,0.06,-126.83
"02/05/2021 17:35:00","MHK VL",61756,7.89,0.02,-7.36
"02/05/2021 17:35:00","MILLWD",61759,42.69,0.04,-42.13
"02/05/2021 17:35:00","N.Y.C.",61761,42.21,0.05,-41.65
"02/05/2021 17:35:00","NORTH",61755,0.50,-0.01,0.00
"02/05/2021 17:35:00","NPX",61845,82.87,0.04,-82.32
"02/05/2021 17:35:00","O H",61846,7.03,-0.05,-6.56
"02/05/2021 17:35:00","PJM",61847,26.31,0.00,-25.80
"02/05/2021 17:35:00","WEST",61752,7.57,-0.03,-7.09
"02/05/2021 17:40:00","CAPITL",61757,60.88,0.20,-58.07
"02/05/2021 17:40:00","CENTRL",61754,9.66,0.01,-7.05
"02/05/2021 17:40:00","DUNWOD",61760,45.27,0.23,-42.44
"02/05/2021 17:40:00","GENESE",61753,7.98,-0.09,-5.46
"02/05/2021 17:40:00","H Q",61844,2.54,-0.06,0.00
"02/05/2021 17:40:00","HUD VL",61758,44.86,0.20,-42.05
"02/05/2021 17:40:00","LONGIL",61762,127.41,0.29,-124.51
"02/05/2021 17:40:00","MHK VL",61756,10.20,0.10,-7.50
"02/05/2021 17:40:00","MILLWD",61759,45.75,0.22,-42.93
"02/05/2021 17:40:00","N.Y.C.",61761,45.28,0.25,-42.43
"02/05/2021 17:40:00","NORTH",61755,2.56,-0.04,0.00
"02/05/2021 17:40:00","NPX",61845,86.05,0.19,-83.25
"02/05/2021 17:40:00","O H",61846,9.06,-0.24,-6.69
"02/05/2021 17:40:00","PJM",61847,28.91,0.02,-26.29
"02/05/2021 17:40:00","WEST",61752,9.66,-0.17,-7.22
"02/05/2021 17:45:00","CAPITL",61757,57.40,0.24,-54.04
"02/05/2021 17:45:00","CENTRL",61754,9.68,0.01,-6.56
"02/05/2021 17:45:00","DUNWOD",61760,42.88,0.27,-39.50
"02/05/2021 17:45:00","GENESE",61753,8.10,-0.10,-5.08
"02/05/2021 17:45:00","H Q",61844,3.04,-0.08,0.00
"02/05/2021 17:45:00","HUD VL",61758,42.48,0.24,-39.13
"02/05/2021 17:45:00","LONGIL",61762,125.53,0.35,-122.07
"02/05/2021 17:45:00","MHK VL",61756,10.22,0.12,-6.98
"02/05/2021 17:45:00","MILLWD",61759,43.32,0.26,-39.95
"02/05/2021 17:45:00","N.Y.C.",61761,42.90,0.29,-39.49
"02/05/2021 17:45:00","NORTH",61755,3.07,-0.04,0.00
"02/05/2021 17:45:00","NPX",61845,83.13,0.23,-79.78
"02/05/2021 17:45:00","O H",61846,9.06,-0.28,-6.22
"02/05/2021 17:45:00","PJM",61847,27.60,0.02,-24.46
"02/05/2021 17:45:00","WEST",61752,9.64,-0.20,-6.72
"02/05/2021 17:50:00","CAPITL",61757,60.88,0.20,-58.08
"02/05/2021 17:50:00","CENTRL",61754,9.66,0.01,-7.05
"02/05/2021 17:50:00","DUNWOD",61760,45.27,0.23,-42.45
"02/05/2021 17:50:00","GENESE",61753,7.98,-0.08,-5.46
"02/05/2021 17:50:00","H Q",61844,2.53,-0.06,0.00
"02/05/2021 17:50:00","HUD VL",61758,44.86,0.20,-42.06
"02/05/2021 17:50:00","LONGIL",61762,125.53,0.29,-122.64
"02/05/2021 17:50:00","MHK VL",61756,10.20,0.10,-7.50
"02/05/2021 17:50:00","MILLWD",61759,45.75,0.22,-42.94
"02/05/2021 17:50:00","N.Y.C.",61761,45.22,0.25,-42.38
"02/05/2021 17:50:00","NORTH",61755,2.56,-0.04,0.00
"02/05/2021 17:50:00","NPX",61845,95.93,0.19,-93.14
"02/05/2021 17:50:00","O H",61846,9.05,-0.23,-6.69
"02/05/2021 17:50:00","PJM",61847,28.91,0.02,-26.29
"02/05/2021 17:50:00","WEST",61752,9.66,-0.16,-7.22
"02/05/2021 17:53:31","CAPITL",61757,60.88,0.20,-58.08
"02/05/2021 17:53:31","CENTRL",61754,9.66,0.02,-7.05
"02/05/2021 17:53:31","DUNWOD",61760,45.27,0.23,-42.45
"02/05/2021 17:53:31","GENESE",61753,7.98,-0.08,-5.46
"02/05/2021 17:53:31","H Q",61844,2.53,-0.07,0.00
"02/05/2021 17:53:31","HUD VL",61758,44.86,0.20,-42.06
"02/05/2021 17:53:31","LONGIL",61762,127.67,0.30,-124.78
"02/05/2021 17:53:31","MHK VL",61756,10.20,0.11,-7.50
"02/05/2021 17:53:31","MILLWD",61759,45.75,0.22,-42.94
"02/05/2021 17:53:31","N.Y.C.",61761,45.22,0.25,-42.38
"02/05/2021 17:53:31","NORTH",61755,2.55,-0.04,0.00
"02/05/2021 17:53:31","NPX",61845,95.92,0.19,-93.14
"02/05/2021 17:53:31","O H",61846,9.06,-0.23,-6.69
"02/05/2021 17:53:31","PJM",61847,28.91,0.03,-26.29
"02/05/2021 17:53:31","WEST",61752,9.66,-0.15,-7.22
"02/05/2021 17:55:00","CAPITL",61757,70.95,1.19,-54.66
"02/05/2021 17:55:00","CENTRL",61754,21.79,0.06,-6.63
"02/05/2021 17:55:00","DUNWOD",61760,56.37,1.33,-39.95
"02/05/2021 17:55:00","GENESE",61753,19.80,-0.44,-5.14
"02/05/2021 17:55:00","H Q",61844,14.72,-0.38,0.00
"02/05/2021 17:55:00","HUD VL",61758,55.84,1.16,-39.58
"02/05/2021 17:55:00","LONGIL",61762,127.86,1.69,-111.07
"02/05/2021 17:55:00","MHK VL",61756,22.79,0.63,-7.06
"02/05/2021 17:55:00","MILLWD",61759,56.78,1.28,-40.40
"02/05/2021 17:55:00","N.Y.C.",61761,56.46,1.42,-39.94
"02/05/2021 17:55:00","NORTH",61755,14.85,-0.24,0.00
"02/05/2021 17:55:00","NPX",61845,106.40,1.12,-90.19
"02/05/2021 17:55:00","O H",61846,20.05,-1.34,-6.30
"02/05/2021 17:55:00","PJM",61847,39.96,0.12,-24.74
"02/05/2021 17:55:00","WEST",61752,20.97,-0.92,-6.80
"02/05/2021 17:55:13","CAPITL",61757,70.95,1.19,-54.66
"02/05/2021 17:55:13","CENTRL",61754,21.79,0.06,-6.63
"02/05/2021 17:55:13","DUNWOD",61760,56.37,1.33,-39.95
"02/05/2021 17:55:13","GENESE",61753,19.80,-0.44,-5.14
"02/05/2021 17:55:13","H Q",61844,14.72,-0.38,0.00
"02/05/2021 17:55:13","HUD VL",61758,55.84,1.16,-39.58
"02/05/2021 17:55:13","LONGIL",61762,127.86,1.69,-111.07
"02/05/2021 17:55:13","MHK VL",61756,22.79,0.63,-7.06
"02/05/2021 17:55:13","MILLWD",61759,56.78,1.28,-40.40
"02/05/2021 17:55:13","N.Y.C.",61761,56.46,1.42,-39.94
"02/05/2021 17:55:13","NORTH",61755,14.85,-0.24,0.00
"02/05/2021 17:55:13","NPX",61845,106.40,1.12,-90.19
"02/05/2021 17:55:13","O H",61846,20.05,-1.34,-6.30
"02/05/2021 17:55:13","PJM",61847,39.96,0.12,-24.74
"02/05/2021 17:55:13","WEST",61752,20.97,-0.92,-6.80
"02/05/2021 18:00:00","CAPITL",61757,45.38,2.22,-14.70
"02/05/2021 18:00:00","CENTRL",61754,30.36,0.11,-1.78
"02/05/2021 18:00:00","DUNWOD",61760,41.71,2.51,-10.74
"02/05/2021 18:00:00","GENESE",61753,28.93,-0.91,-1.38
"02/05/2021 18:00:00","H Q",61844,27.75,-0.71,0.00
"02/05/2021 18:00:00","HUD VL",61758,41.33,2.22,-10.64
"02/05/2021 18:00:00","LONGIL",61762,62.92,3.19,-31.27
"02/05/2021 18:00:00","MHK VL",61756,31.58,1.22,-1.90
"02/05/2021 18:00:00","MILLWD",61759,41.77,2.45,-10.86
"02/05/2021 18:00:00","N.Y.C.",61761,41.91,2.71,-10.74
"02/05/2021 18:00:00","NORTH",61755,28.01,-0.46,0.00
"02/05/2021 18:00:00","NPX",61845,79.58,2.11,-49.01
"02/05/2021 18:00:00","O H",61846,27.48,-2.68,-1.69
"02/05/2021 18:00:00","PJM",61847,35.37,0.26,-6.65
"02/05/2021 18:00:00","WEST",61752,28.50,-1.79,-1.83
"02/05/2021 18:05:00","CAPITL",61757,45.38,2.22,-14.70
"02/05/2021 18:05:00","CENTRL",61754,30.36,0.11,-1.78
"02/05/2021 18:05:00","DUNWOD",61760,41.71,2.51,-10.74
"02/05/2021 18:05:00","GENESE",61753,28.93,-0.91,-1.38
"02/05/2021 18:05:00","H Q",61844,27.75,-0.71,0.00
"02/05/2021 18:05:00","HUD VL",61758,41.33,2.22,-10.64
"02/05/2021 18:05:00","LONGIL",61762,62.92,3.19,-31.27
"02/05/2021 18:05:00","MHK VL",61756,31.58,1.22,-1.90
"02/05/2021 18:05:00","MILLWD",61759,41.77,2.45,-10.86
"02/05/2021 18:05:00","N.Y.C.",61761,41.91,2.71,-10.74
"02/05/2021 18:05:00","NORTH",61755,28.01,-0.46,0.00
"02/05/2021 18:05:00","NPX",61845,79.58,2.11,-49.01
"02/05/2021 18:05:00","O H",61846,27.48,-2.68,-1.69
"02/05/2021 18:05:00","PJM",61847,35.37,0.26,-6.65
"02/05/2021 18:05:00","WEST",61752,28.50,-1.79,-1.83
"02/05/2021 18:10:00","CAPITL",61757,50.41,2.23,-19.98
"02/05/2021 18:10:00","CENTRL",61754,30.76,0.11,-2.44
"02/05/2021 18:10:00","DUNWOD",61760,45.32,2.51,-14.60
"02/05/2021 18:10:00","GENESE",61753,29.16,-0.93,-1.88
"02/05/2021 18:10:00","H Q",61844,27.48,-0.73,0.00
"02/05/2021 18:10:00","HUD VL",61758,44.88,2.20,-14.47
"02/05/2021 18:10:00","LONGIL",61762,72.78,3.27,-41.30
"02/05/2021 18:10:00","MHK VL",61756,32.07,1.24,-2.63
"02/05/2021 18:10:00","MILLWD",61759,45.40,2.43,-14.77
"02/05/2021 18:10:00","N.Y.C.",61761,45.52,2.71,-14.60
"02/05/2021 18:10:00","NORTH",61755,27.73,-0.48,0.00
"02/05/2021 18:10:00","NPX",61845,83.86,2.09,-53.56
"02/05/2021 18:10:00","O H",61846,27.83,-2.68,-2.30
"02/05/2021 18:10:00","PJM",61847,37.53,0.28,-9.04
"02/05/2021 18:10:00","WEST",61752,28.89,-1.81,-2.48
"02/05/2021 18:15:00","CAPITL",61757,50.41,2.23,-19.98
"02/05/2021 18:15:00","CENTRL",61754,30.76,0.11,-2.44
"02/05/2021 18:15:00","DUNWOD",61760,45.32,2.51,-14.60
"02/05/2021 18:15:00","GENESE",61753,29.13,-0.96,-1.88
"02/05/2021 18:15:00","H Q",61844,27.48,-0.73,0.00
"02/05/2021 18:15:00","HUD VL",61758,44.88,2.20,-14.47
"02/05/2021 18:15:00","LONGIL",61762,72.78,3.27,-41.30
"02/05/2021 18:15:00","MHK VL",61756,32.05,1.21,-2.63
"02/05/2021 18:15:00","MILLWD",61759,45.40,2.43,-14.77
"02/05/2021 18:15:00","N.Y.C.",61761,45.45,2.71,-14.53
"02/05/2021 18:15:00","NORTH",61755,27.70,-0.51,0.00
"02/05/2021 18:15:00","NPX",61845,83.89,2.12,-53.56
"02/05/2021 18:15:00","O H",61846,27.77,-2.74,-2.30
"02/05/2021 18:15:00","PJM",61847,37.51,0.25,-9.04
"02/05/2021 18:15:00","WEST",61752,28.83,-1.86,-2.48
"02/05/2021 18:20:00","CAPITL",61757,50.34,2.17,-19.93
"02/05/2021 18:20:00","CENTRL",61754,30.73,0.06,-2.43
"02/05/2021 18:20:00","DUNWOD",61760,45.32,2.51,-14.57
"02/05/2021 18:20:00","GENESE",61753,29.10,-1.02,-1.87
"02/05/2021 18:20:00","H Q",61844,27.54,-0.70,0.00
"02/05/2021 18:20:00","HUD VL",61758,44.88,2.20,-14.44
"02/05/2021 18:20:00","LONGIL",61762,62.92,3.25,-31.43
"02/05/2021 18:20:00","MHK VL",61756,32.13,1.27,-2.62
"02/05/2021 18:20:00","MILLWD",61759,45.40,2.43,-14.73
"02/05/2021 18:20:00","N.Y.C.",61761,45.45,2.71,-14.50
"02/05/2021 18:20:00","NORTH",61755,27.82,-0.42,0.00
"02/05/2021 18:20:00","NPX",61845,86.82,2.09,-56.49
"02/05/2021 18:20:00","O H",61846,27.77,-2.77,-2.30
"02/05/2021 18:20:00","PJM",61847,37.46,0.20,-9.02
"02/05/2021 18:20:00","WEST",61752,28.77,-1.95,-2.48
"02/05/2021 18:25:00","CAPITL",61757,44.60,2.58,-8.06
"02/05/2021 18:25:00","CENTRL",61754,35.01,0.07,-0.98
"02/05/2021 18:25:00","DUNWOD",61760,42.87,3.02,-5.89
"02/05/2021 18:25:00","GENESE",61753,33.49,-1.22,-0.76
"02/05/2021 18:25:00","H Q",61844,33.11,-0.85,0.00
"02/05/2021 18:25:00","HUD VL",61758,42.48,2.68,-5.84
"02/05/2021 18:25:00","LONGIL",61762,62.27,3.90,-24.41
"02/05/2021 18:25:00","MHK VL",61756,36.54,1.53,-1.06
"02/05/2021 18:25:00","MILLWD",61759,42.84,2.92,-5.96
"02/05/2021 18:25:00","N.Y.C.",61761,43.14,3.29,-5.89
"02/05/2021 18:25:00","NORTH",61755,33.45,-0.51,0.00
"02/05/2021 18:25:00","NPX",61845,82.74,2.51,-46.27
"02/05/2021 18:25:00","O H",61846,31.56,-3.33,-0.93
"02/05/2021 18:25:00","PJM",61847,37.84,0.24,-3.65
"02/05/2021 18:25:00","WEST",61752,32.58,-2.38,-1.00
"02/05/2021 18:30:00","CAPITL",61757,41.86,2.96,0.00
"02/05/2021 18:30:00","CENTRL",61754,39.02,0.12,0.00
"02/05/2021 18:30:00","DUNWOD",61760,42.33,3.42,0.00
"02/05/2021 18:30:00","GENESE",61753,37.58,-1.32,0.00
"02/05/2021 18:30:00","H Q",61844,37.93,-0.97,0.00
"02/05/2021 18:30:00","HUD VL",61758,41.90,3.00,0.00
"02/05/2021 18:30:00","LONGIL",61762,70.43,4.51,-27.01
"02/05/2021 18:30:00","MHK VL",61756,40.66,1.75,0.00
"02/05/2021 18:30:00","MILLWD",61759,42.21,3.31,0.00
"02/05/2021 18:30:00","N.Y.C.",61761,42.60,3.70,0.00
"02/05/2021 18:30:00","NORTH",61755,38.36,-0.54,0.00
"02/05/2021 18:30:00","NPX",61845,81.11,2.88,-39.33
"02/05/2021 18:30:00","O H",61846,35.17,-3.74,0.00
"02/05/2021 18:30:00","PJM",61847,39.21,0.31,0.00
"02/05/2021 18:30:00","WEST",61752,36.30,-2.61,0.00
"02/05/2021 18:35:00","CAPITL",61757,62.76,1.55,-41.10
"02/05/2021 18:35:00","CENTRL",61754,25.14,0.02,-5.01
"02/05/2021 18:35:00","DUNWOD",61760,51.92,1.77,-30.04
"02/05/2021 18:35:00","GENESE",61753,23.27,-0.70,-3.86
"02/05/2021 18:35:00","H Q",61844,19.63,-0.48,0.00
"02/05/2021 18:35:00","HUD VL",61758,51.46,1.57,-29.78
"02/05/2021 18:35:00","LONGIL",61762,69.53,2.33,-47.09
"02/05/2021 18:35:00","MHK VL",61756,26.39,0.88,-5.40
"02/05/2021 18:35:00","MILLWD",61759,52.22,1.73,-30.38
"02/05/2021 18:35:00","N.Y.C.",61761,52.06,1.91,-30.04
"02/05/2021 18:35:00","NORTH",61755,19.85,-0.26,0.00
"02/05/2021 18:35:00","NPX",61845,93.91,1.49,-72.31
"02/05/2021 18:35:00","O H",61846,22.87,-1.97,-4.73
"02/05/2021 18:35:00","PJM",61847,38.84,0.12,-18.61
"02/05/2021 18:35:00","WEST",61752,23.81,-1.41,-5.11
"02/05/2021 18:40:00","CAPITL",61757,33.08,2.24,-1.71
"02/05/2021 18:40:00","CENTRL",61754,29.42,0.09,-0.21
"02/05/2021 18:40:00","DUNWOD",61760,32.96,2.59,-1.25
"02/05/2021 18:40:00","GENESE",61753,28.23,-1.05,-0.16
"02/05/2021 18:40:00","H Q",61844,28.39,-0.73,0.00
"02/05/2021 18:40:00","HUD VL",61758,32.63,2.27,-1.24
"02/05/2021 18:40:00","LONGIL",61762,62.26,3.38,-29.76
"02/05/2021 18:40:00","MHK VL",61756,30.66,1.31,-0.23
"02/05/2021 18:40:00","MILLWD",61759,32.89,2.50,-1.27
"02/05/2021 18:40:00","N.Y.C.",61761,33.17,2.80,-1.25
"02/05/2021 18:40:00","NORTH",61755,28.71,-0.41,0.00
"02/05/2021 18:40:00","NPX",61845,69.66,2.15,-38.39
"02/05/2021 18:40:00","O H",61846,26.43,-2.88,-0.20
"02/05/2021 18:40:00","PJM",61847,30.10,0.21,-0.78
"02/05/2021 18:40:00","WEST",61752,27.32,-2.01,-0.21
"02/05/2021 18:45:00","CAPITL",61757,363.05,25.96,0.00
"02/05/2021 18:45:00","CENTRL",61754,338.10,1.01,0.00
"02/05/2021 18:45:00","DUNWOD",61760,366.08,28.99,0.00
"02/05/2021 18:45:00","GENESE",61753,326.29,-10.80,0.00
"02/05/2021 18:45:00","H Q",61844,328.68,-8.41,0.00
"02/05/2021 18:45:00","HUD VL",61758,362.70,25.61,0.00
"02/05/2021 18:45:00","LONGIL",61762,375.17,38.08,0.00
"02/05/2021 18:45:00","MHK VL",61756,352.60,15.51,0.00
"02/05/2021 18:45:00","MILLWD",61759,365.05,27.96,0.00
"02/05/2021 18:45:00","N.Y.C.",61761,368.08,30.99,0.00
"02/05/2021 18:45:00","NORTH",61755,332.70,-4.39,0.00
"02/05/2021 18:45:00","NPX",61845,398.59,24.59,-36.91
"02/05/2021 18:45:00","O H",61846,305.75,-31.34,0.00
"02/05/2021 18:45:00","PJM",61847,339.47,2.38,0.00
"02/05/2021 18:45:00","WEST",61752,315.18,-21.91,0.00
"02/05/2021 18:50:00","CAPITL",61757,52.68,1.30,-34.45
"02/05/2021 18:50:00","CENTRL",61754,21.14,0.02,-4.20
"02/05/2021 18:50:00","DUNWOD",61760,43.60,1.49,-25.18
"02/05/2021 18:50:00","GENESE",61753,19.56,-0.61,-3.24
"02/05/2021 18:50:00","H Q",61844,16.52,-0.41,0.00
"02/05/2021 18:50:00","HUD VL",61758,43.19,1.30,-24.96
"02/05/2021 18:50:00","LONGIL",61762,62.15,1.95,-43.28
"02/05/2021 18:50:00","MHK VL",61756,22.20,0.74,-4.53
"02/05/2021 18:50:00","MILLWD",61759,43.83,1.44,-25.47
"02/05/2021 18:50:00","N.Y.C.",61761,43.69,1.59,-25.17
"02/05/2021 18:50:00","NORTH",61755,16.71,-0.22,0.00
"02/05/2021 18:50:00","NPX",61845,87.64,1.25,-69.46
"02/05/2021 18:50:00","O H",61846,19.25,-1.64,-3.97
"02/05/2021 18:50:00","PJM",61847,32.62,0.10,-15.59
"02/05/2021 18:50:00","WEST",61752,20.03,-1.19,-4.28
"02/05/2021 18:55:00","CAPITL",61757,38.80,1.68,-14.71
"02/05/2021 18:55:00","CENTRL",61754,24.22,0.02,-1.79
"02/05/2021 18:55:00","DUNWOD",61760,35.15,1.99,-10.75
"02/05/2021 18:55:00","GENESE",61753,22.94,-0.85,-1.38
"02/05/2021 18:55:00","H Q",61844,21.87,-0.54,0.00
"02/05/2021 18:55:00","HUD VL",61758,34.81,1.75,-10.66
"02/05/2021 18:55:00","LONGIL",61762,62.20,2.62,-37.17
"02/05/2021 18:55:00","MHK VL",61756,25.33,0.98,-1.93
"02/05/2021 18:55:00","MILLWD",61759,35.21,1.93,-10.87
"02/05/2021 18:55:00","N.Y.C.",61761,35.33,2.17,-10.75
"02/05/2021 18:55:00","NORTH",61755,22.12,-0.29,0.00
"02/05/2021 18:55:00","NPX",61845,76.53,1.66,-52.46
"02/05/2021 18:55:00","O H",61846,21.86,-2.24,-1.69
"02/05/2021 18:55:00","PJM",61847,29.22,0.16,-6.66
"02/05/2021 18:55:00","WEST",61752,22.62,-1.61,-1.83
"02/05/2021 19:00:00","CAPITL",61757,51.24,0.30,-46.88
"02/05/2021 19:00:00","CENTRL",61754,9.78,0.00,-5.72
"02/05/2021 19:00:00","DUNWOD",61760,38.69,0.37,-34.27
"02/05/2021 19:00:00","GENESE",61753,8.32,-0.14,-4.41
"02/05/2021 19:00:00","H Q",61844,3.96,-0.10,0.00
"02/05/2021 19:00:00","HUD VL",61758,38.35,0.32,-33.97
"02/05/2021 19:00:00","LONGIL",61762,72.39,0.47,-67.86
"02/05/2021 19:00:00","MHK VL",61756,10.40,0.18,-6.16
"02/05/2021 19:00:00","MILLWD",61759,39.07,0.35,-34.66
"02/05/2021 19:00:00","N.Y.C.",61761,38.72,0.40,-34.26
"02/05/2021 19:00:00","NORTH",61755,4.00,-0.06,0.00
"02/05/2021 19:00:00","NPX",61845,84.53,0.30,-80.17
"02/05/2021 19:00:00","O H",61846,9.07,-0.39,-5.40
"02/05/2021 19:00:00","PJM",61847,25.31,0.03,-21.22
"02/05/2021 19:00:00","WEST",61752,9.61,-0.28,-5.83
"02/05/2021 19:05:00","CAPITL",61757,40.30,0.42,-34.22
"02/05/2021 19:05:00","CENTRL",61754,9.85,0.02,-4.17
"02/05/2021 19:05:00","DUNWOD",61760,31.18,0.50,-25.01
"02/05/2021 19:05:00","GENESE",61753,8.69,-0.19,-3.22
"02/05/2021 19:05:00","H Q",61844,5.52,-0.15,0.00
"02/05/2021 19:05:00","HUD VL",61758,30.90,0.45,-24.79
"02/05/2021 19:05:00","LONGIL",61762,651.32,0.66,-644.99
"02/05/2021 19:05:00","MHK VL",61756,10.41,0.25,-4.50
"02/05/2021 19:05:00","MILLWD",61759,31.45,0.49,-25.29
"02/05/2021 19:05:00","N.Y.C.",61761,31.22,0.55,-25.00
"02/05/2021 19:05:00","NORTH",61755,5.57,-0.09,0.00
"02/05/2021 19:05:00","NPX",61845,67.88,0.42,-61.79
"02/05/2021 19:05:00","O H",61846,9.08,-0.52,-3.94
"02/05/2021 19:05:00","PJM",61847,21.21,0.06,-15.49
"02/05/2021 19:05:00","WEST",61752,9.56,-0.36,-4.26
"02/05/2021 19:10:00","CAPITL",61757,40.30,0.43,-34.20
"02/05/2021 19:10:00","CENTRL",61754,9.86,0.01,-4.17
"02/05/2021 19:10:00","DUNWOD",61760,31.17,0.50,-25.00
"02/05/2021 19:10:00","GENESE",61753,8.69,-0.19,-3.22
"02/05/2021 19:10:00","H Q",61844,5.53,-0.14,0.00
"02/05/2021 19:10:00","HUD VL",61758,30.88,0.44,-24.77
"02/05/2021 19:10:00","LONGIL",61762,62.87,0.65,-56.54
"02/05/2021 19:10:00","MHK VL",61756,10.45,0.24,-4.53
"02/05/2021 19:10:00","MILLWD",61759,31.44,0.48,-25.29
"02/05/2021 19:10:00","N.Y.C.",61761,31.21,0.54,-25.00
"02/05/2021 19:10:00","NORTH",61755,5.59,-0.08,0.00
"02/05/2021 19:10:00","NPX",61845,67.87,0.42,-61.78
"02/05/2021 19:10:00","O H",61846,9.08,-0.53,-3.94
"02/05/2021 19:10:00","PJM",61847,21.20,0.05,-15.48
"02/05/2021 19:10:00","WEST",61752,9.55,-0.37,-4.26
"02/05/2021 19:15:00","CAPITL",61757,55.51,0.26,-51.82
"02/05/2021 19:15:00","CENTRL",61754,9.75,0.00,-6.32
"02/05/2021 19:15:00","DUNWOD",61760,41.61,0.30,-37.88
"02/05/2021 19:15:00","GENESE",61753,8.18,-0.12,-4.87
"02/05/2021 19:15:00","H Q",61844,3.35,-0.08,0.00
"02/05/2021 19:15:00","HUD VL",61758,41.22,0.26,-37.53
"02/05/2021 19:15:00","LONGIL",61762,72.38,0.39,-68.56
"02/05/2021 19:15:00","MHK VL",61756,10.44,0.15,-6.87
"02/05/2021 19:15:00","MILLWD",61759,42.03,0.29,-38.31
"02/05/2021 19:15:00","N.Y.C.",61761,41.63,0.33,-37.87
"02/05/2021 19:15:00","NORTH",61755,3.38,-0.04,0.00
"02/05/2021 19:15:00","NPX",61845,80.64,0.25,-76.96
"02/05/2021 19:15:00","O H",61846,9.06,-0.33,-5.97
"02/05/2021 19:15:00","PJM",61847,26.91,0.02,-23.46
"02/05/2021 19:15:00","WEST",61752,9.64,-0.24,-6.45
"02/05/2021 19:20:00","CAPITL",61757,37.88,0.46,-31.36
"02/05/2021 19:20:00","CENTRL",61754,9.90,0.01,-3.83
"02/05/2021 19:20:00","DUNWOD",61760,29.53,0.53,-22.92
"02/05/2021 19:20:00","GENESE",61753,8.79,-0.22,-2.95
"02/05/2021 19:20:00","H Q",61844,5.92,-0.15,0.00
"02/05/2021 19:20:00","HUD VL",61758,29.25,0.47,-22.71
"02/05/2021 19:20:00","LONGIL",61762,62.05,0.70,-55.28
"02/05/2021 19:20:00","MHK VL",61756,10.49,0.26,-4.16
"02/05/2021 19:20:00","MILLWD",61759,29.77,0.52,-23.18
"02/05/2021 19:20:00","N.Y.C.",61761,29.57,0.58,-22.92
"02/05/2021 19:20:00","NORTH",61755,5.98,-0.08,0.00
"02/05/2021 19:20:00","NPX",61845,54.97,0.45,-48.45
"02/05/2021 19:20:00","O H",61846,9.08,-0.60,-3.61
"02/05/2021 19:20:00","PJM",61847,20.31,0.04,-14.20
"02/05/2021 19:20:00","WEST",61752,9.54,-0.43,-3.90
"02/05/2021 19:25:00","CAPITL",61757,39.04,0.24,-35.52
"02/05/2021 19:25:00","CENTRL",61754,7.62,0.00,-4.33
"02/05/2021 19:25:00","DUNWOD",61760,29.53,0.29,-25.96
"02/05/2021 19:25:00","GENESE",61753,6.50,-0.12,-3.34
"02/05/2021 19:25:00","H Q",61844,3.20,-0.08,0.00
"02/05/2021 19:25:00","HUD VL",61758,29.25,0.25,-25.72
"02/05/2021 19:25:00","LONGIL",61762,62.03,0.38,-58.37
"02/05/2021 19:25:00","MHK VL",61756,8.13,0.14,-4.71
"02/05/2021 19:25:00","MILLWD",61759,29.82,0.28,-26.26
"02/05/2021 19:25:00","N.Y.C.",61761,29.55,0.31,-25.96
"02/05/2021 19:25:00","NORTH",61755,3.23,-0.05,0.00
"02/05/2021 19:25:00","NPX",61845,55.55,0.24,-52.03
"02/05/2021 19:25:00","O H",61846,7.06,-0.31,-4.09
"02/05/2021 19:25:00","PJM",61847,19.38,0.03,-16.08
"02/05/2021 19:25:00","WEST",61752,7.47,-0.23,-4.42
"02/05/2021 19:30:00","CAPITL",61757,39.05,0.24,-35.54
"02/05/2021 19:30:00","CENTRL",61754,7.60,0.00,-4.34
"02/05/2021 19:30:00","DUNWOD",61760,29.53,0.29,-25.98
"02/05/2021 19:30:00","GENESE",61753,6.50,-0.11,-3.34
"02/05/2021 19:30:00","H Q",61844,3.19,-0.08,0.00
"02/05/2021 19:30:00","HUD VL",61758,29.25,0.25,-25.74
"02/05/2021 19:30:00","LONGIL",61762,62.03,0.38,-58.39
"02/05/2021 19:30:00","MHK VL",61756,8.12,0.14,-4.71
"02/05/2021 19:30:00","MILLWD",61759,29.82,0.28,-26.28
"02/05/2021 19:30:00","N.Y.C.",61761,29.55,0.31,-25.98
"02/05/2021 19:30:00","NORTH",61755,3.22,-0.05,0.00
"02/05/2021 19:30:00","NPX",61845,55.56,0.24,-52.05
"02/05/2021 19:30:00","O H",61846,7.06,-0.30,-4.09
"02/05/2021 19:30:00","PJM",61847,19.38,0.02,-16.09
"02/05/2021 19:30:00","WEST",61752,7.47,-0.22,-4.42
"02/05/2021 19:35:00","CAPITL",61757,37.76,0.26,-34.03
"02/05/2021 19:35:00","CENTRL",61754,7.63,0.00,-4.15
"02/05/2021 19:35:00","DUNWOD",61760,28.65,0.30,-24.87
"02/05/2021 19:35:00","GENESE",61753,6.55,-0.12,-3.20
"02/05/2021 19:35:00","H Q",61844,3.39,-0.08,0.00
"02/05/2021 19:35:00","HUD VL",61758,28.38,0.27,-24.65
"02/05/2021 19:35:00","LONGIL",61762,62.03,0.40,-58.16
"02/05/2021 19:35:00","MHK VL",61756,8.13,0.15,-4.51
"02/05/2021 19:35:00","MILLWD",61759,28.92,0.29,-25.16
"02/05/2021 19:35:00","N.Y.C.",61761,28.67,0.33,-24.87
"02/05/2021 19:35:00","NORTH",61755,3.42,-0.05,0.00
"02/05/2021 19:35:00","NPX",61845,47.58,0.26,-43.86
"02/05/2021 19:35:00","O H",61846,7.06,-0.33,-3.92
"02/05/2021 19:35:00","PJM",61847,18.90,0.02,-15.40
"02/05/2021 19:35:00","WEST",61752,7.47,-0.24,-4.23
"02/05/2021 19:40:00","CAPITL",61757,37.76,0.26,-34.02
"02/05/2021 19:40:00","CENTRL",61754,7.63,0.00,-4.15
"02/05/2021 19:40:00","DUNWOD",61760,28.65,0.31,-24.87
"02/05/2021 19:40:00","GENESE",61753,6.55,-0.12,-3.20
"02/05/2021 19:40:00","H Q",61844,3.39,-0.08,0.00
"02/05/2021 19:40:00","HUD VL",61758,28.38,0.27,-24.64
"02/05/2021 19:40:00","LONGIL",61762,62.03,0.40,-58.16
"02/05/2021 19:40:00","MHK VL",61756,8.13,0.15,-4.51
"02/05/2021 19:40:00","MILLWD",61759,28.92,0.30,-25.15
"02/05/2021 19:40:00","N.Y.C.",61761,28.67,0.33,-24.87
"02/05/2021 19:40:00","NORTH",61755,3.42,-0.05,0.00
"02/05/2021 19:40:00","NPX",61845,47.58,0.26,-43.85
"02/05/2021 19:40:00","O H",61846,7.06,-0.33,-3.92
"02/05/2021 19:40:00","PJM",61847,18.90,0.03,-15.40
"02/05/2021 19:40:00","WEST",61752,7.47,-0.24,-4.23
"02/05/2021 19:45:00","CAPITL",61757,36.40,0.27,-32.47
"02/05/2021 19:45:00","CENTRL",61754,7.62,0.00,-3.96
"02/05/2021 19:45:00","DUNWOD",61760,27.72,0.33,-23.73
"02/05/2021 19:45:00","GENESE",61753,6.59,-0.12,-3.05
"02/05/2021 19:45:00","H Q",61844,3.57,-0.09,0.00
"02/05/2021 19:45:00","HUD VL",61758,27.46,0.29,-23.52
"02/05/2021 19:45:00","LONGIL",61762,62.03,0.43,-57.95
"02/05/2021 19:45:00","MHK VL",61756,8.12,0.15,-4.30
"02/05/2021 19:45:00","MILLWD",61759,27.98,0.31,-24.01
"02/05/2021 19:45:00","N.Y.C.",61761,27.74,0.35,-23.73
"02/05/2021 19:45:00","NORTH",61755,3.60,-0.05,0.00
"02/05/2021 19:45:00","NPX",61845,46.44,0.27,-42.51
"02/05/2021 19:45:00","O H",61846,7.05,-0.34,-3.74
"02/05/2021 19:45:00","PJM",61847,18.39,0.03,-14.70
"02/05/2021 19:45:00","WEST",61752,7.45,-0.25,-4.04
"02/05/2021 19:50:00","CAPITL",61757,37.62,0.07,-36.67
"02/05/2021 19:50:00","CENTRL",61754,5.36,0.00,-4.47
"02/05/2021 19:50:00","DUNWOD",61760,27.77,0.08,-26.81
"02/05/2021 19:50:00","GENESE",61753,4.30,-0.03,-3.45
"02/05/2021 19:50:00","H Q",61844,0.86,-0.02,0.00
"02/05/2021 19:50:00","HUD VL",61758,27.51,0.07,-26.56
"02/05/2021 19:50:00","LONGIL",61762,62.01,0.10,-61.02
"02/05/2021 19:50:00","MHK VL",61756,5.78,0.04,-4.86
"02/05/2021 19:50:00","MILLWD",61759,28.07,0.08,-27.11
"02/05/2021 19:50:00","N.Y.C.",61761,27.77,0.08,-26.80
"02/05/2021 19:50:00","NORTH",61755,0.87,-0.01,0.00
"02/05/2021 19:50:00","NPX",61845,47.10,0.07,-46.15
"02/05/2021 19:50:00","O H",61846,5.03,-0.08,-4.22
"02/05/2021 19:50:00","PJM",61847,17.49,0.01,-16.60
"02/05/2021 19:50:00","WEST",61752,5.39,-0.06,-4.56
"02/05/2021 19:55:00","CAPITL",61757,27.40,1.89,0.00
"02/05/2021 19:55:00","CENTRL",61754,25.51,0.00,0.00
"02/05/2021 19:55:00","DUNWOD",61760,27.76,2.25,0.00
"02/05/2021 19:55:00","GENESE",61753,24.60,-0.92,0.00
"02/05/2021 19:55:00","H Q",61844,24.90,-0.61,0.00
"02/05/2021 19:55:00","HUD VL",61758,27.48,1.96,0.00
"02/05/2021 19:55:00","LONGIL",61762,62.23,2.96,-33.75
"02/05/2021 19:55:00","MHK VL",61756,26.59,1.07,0.00
"02/05/2021 19:55:00","MILLWD",61759,27.71,2.19,0.00
"02/05/2021 19:55:00","N.Y.C.",61761,27.97,2.45,0.00
"02/05/2021 19:55:00","NORTH",61755,25.10,-0.41,0.00
"02/05/2021 19:55:00","NPX",61845,41.97,1.89,-14.56
"02/05/2021 19:55:00","O H",61846,23.09,-2.42,0.00
"02/05/2021 19:55:00","PJM",61847,25.69,0.18,0.00
"02/05/2021 19:55:00","WEST",61752,23.73,-1.79,0.00
"02/05/2021 20:00:00","CAPITL",61757,29.51,0.57,-21.63
"02/05/2021 20:00:00","CENTRL",61754,9.94,-0.01,-2.64
"02/05/2021 20:00:00","DUNWOD",61760,23.75,0.63,-15.81
"02/05/2021 20:00:00","GENESE",61753,9.06,-0.28,-2.03
"02/05/2021 20:00:00","H Q",61844,7.13,-0.18,0.00
"02/05/2021 20:00:00","HUD VL",61758,23.53,0.56,-15.66
"02/05/2021 20:00:00","LONGIL",61762,62.07,0.83,-53.93
"02/05/2021 20:00:00","MHK VL",61756,10.48,0.31,-2.87
"02/05/2021 20:00:00","MILLWD",61759,23.90,0.61,-15.99
"02/05/2021 20:00:00","N.Y.C.",61761,23.79,0.67,-15.81
"02/05/2021 20:00:00","NORTH",61755,7.18,-0.12,0.00
"02/05/2021 20:00:00","NPX",61845,41.04,0.54,-33.19
"02/05/2021 20:00:00","O H",61846,9.08,-0.72,-2.49
"02/05/2021 20:00:00","PJM",61847,17.13,0.03,-9.79
"02/05/2021 20:00:00","WEST",61752,9.47,-0.53,-2.69
"02/05/2021 20:05:00","CAPITL",61757,52.22,-0.10,-53.59
"02/05/2021 20:05:00","CENTRL",61754,5.26,0.00,-6.54
"02/05/2021 20:05:00","DUNWOD",61760,37.79,-0.11,-39.17
"02/05/2021 20:05:00","GENESE",61753,3.80,0.04,-5.04
"02/05/2021 20:05:00","H Q",61844,-1.24,0.03,0.00
"02/05/2021 20:05:00","HUD VL",61758,37.44,-0.09,-38.81
"02/05/2021 20:05:00","LONGIL",61762,61.99,-0.14,-63.40
"02/05/2021 20:05:00","MHK VL",61756,5.78,-0.05,-7.10
"02/05/2021 20:05:00","MILLWD",61759,38.24,-0.10,-39.62
"02/05/2021 20:05:00","N.Y.C.",61761,37.77,-0.12,-39.16
"02/05/2021 20:05:00","NORTH",61755,-1.24,0.03,0.00
"02/05/2021 20:05:00","NPX",61845,52.79,-0.09,-54.15
"02/05/2021 20:05:00","O H",61846,5.01,0.11,-6.17
"02/05/2021 20:05:00","PJM",61847,22.98,-0.01,-24.26
"02/05/2021 20:05:00","WEST",61752,5.47,0.07,-6.67
"02/05/2021 20:10:00","CAPITL",61757,52.41,-0.29,-56.54
"02/05/2021 20:10:00","CENTRL",61754,3.05,-0.02,-6.91
"02/05/2021 20:10:00","DUNWOD",61760,37.17,-0.32,-41.33
"02/05/2021 20:10:00","GENESE",61753,1.58,0.10,-5.32
"02/05/2021 20:10:00","H Q",61844,-3.73,0.10,0.00
"02/05/2021 20:10:00","HUD VL",61758,36.84,-0.29,-40.96
"02/05/2021 20:10:00","LONGIL",61762,61.97,-0.43,-66.24
"02/05/2021 20:10:00","MHK VL",61756,3.52,-0.16,-7.52
"02/05/2021 20:10:00","MILLWD",61759,37.65,-0.31,-41.80
"02/05/2021 20:10:00","N.Y.C.",61761,37.13,-0.35,-41.32
"02/05/2021 20:10:00","NORTH",61755,-3.75,0.09,0.00
"02/05/2021 20:10:00","NPX",61845,52.58,-0.28,-56.70
"02/05/2021 20:10:00","O H",61846,2.98,0.30,-6.51
"02/05/2021 20:10:00","PJM",61847,21.72,-0.03,-25.60
"02/05/2021 20:10:00","WEST",61752,3.41,0.21,-7.04
"02/05/2021 20:15:00","CAPITL",61757,52.41,-0.29,-56.55
"02/05/2021 20:15:00","CENTRL",61754,3.05,-0.01,-6.91
"02/05/2021 20:15:00","DUNWOD",61760,37.17,-0.32,-41.34
"02/05/2021 20:15:00","GENESE",61753,1.57,0.10,-5.32
"02/05/2021 20:15:00","H Q",61844,-3.74,0.10,0.00
"02/05/2021 20:15:00","HUD VL",61758,36.84,-0.28,-40.97
"02/05/2021 20:15:00","LONGIL",61762,61.97,-0.43,-66.24
"02/05/2021 20:15:00","MHK VL",61756,3.52,-0.16,-7.52
"02/05/2021 20:15:00","MILLWD",61759,37.65,-0.32,-41.81
"02/05/2021 20:15:00","N.Y.C.",61761,37.13,-0.35,-41.33
"02/05/2021 20:15:00","NORTH",61755,-3.75,0.09,0.00
"02/05/2021 20:15:00","NPX",61845,52.58,-0.28,-56.71
"02/05/2021 20:15:00","O H",61846,2.98,0.31,-6.51
"02/05/2021 20:15:00","PJM",61847,21.73,-0.03,-25.60
"02/05/2021 20:15:00","WEST",61752,3.41,0.22,-7.04
"02/05/2021 20:20:00","CAPITL",61757,52.42,-0.29,-56.57
"02/05/2021 20:20:00","CENTRL",61754,3.04,-0.01,-6.91
"02/05/2021 20:20:00","DUNWOD",61760,37.17,-0.32,-41.35
"02/05/2021 20:20:00","GENESE",61753,1.57,0.11,-5.32
"02/05/2021 20:20:00","H Q",61844,-3.75,0.10,0.00
"02/05/2021 20:20:00","HUD VL",61758,36.84,-0.29,-40.98
"02/05/2021 20:20:00","LONGIL",61762,61.97,-0.43,-66.25
"02/05/2021 20:20:00","MHK VL",61756,3.51,-0.16,-7.52
"02/05/2021 20:20:00","MILLWD",61759,37.65,-0.31,-41.82
"02/05/2021 20:20:00","N.Y.C.",61761,37.14,-0.35,-41.34
"02/05/2021 20:20:00","NORTH",61755,-3.76,0.09,0.00
"02/05/2021 20:20:00","NPX",61845,62.92,-0.28,-67.06
"02/05/2021 20:20:00","O H",61846,2.98,0.32,-6.52
"02/05/2021 20:20:00","PJM",61847,21.72,-0.03,-25.61
"02/05/2021 20:20:00","WEST",61752,3.41,0.23,-7.04
"02/05/2021 20:25:00","CAPITL",61757,54.60,-0.31,-59.05
"02/05/2021 20:25:00","CENTRL",61754,3.05,-0.02,-7.21
"02/05/2021 20:25:00","DUNWOD",61760,38.69,-0.34,-43.17
"02/05/2021 20:25:00","GENESE",61753,1.51,0.10,-5.56
"02/05/2021 20:25:00","H Q",61844,-4.03,0.11,0.00
"02/05/2021 20:25:00","HUD VL",61758,38.34,-0.30,-42.78
"02/05/2021 20:25:00","LONGIL",61762,61.97,-0.45,-66.55
"02/05/2021 20:25:00","MHK VL",61756,3.55,-0.17,-7.86
"02/05/2021 20:25:00","MILLWD",61759,39.19,-0.33,-43.66
"02/05/2021 20:25:00","N.Y.C.",61761,38.65,-0.37,-43.16
"02/05/2021 20:25:00","NORTH",61755,-4.05,0.10,0.00
"02/05/2021 20:25:00","NPX",61845,64.77,-0.29,-69.20
"02/05/2021 20:25:00","O H",61846,2.98,0.32,-6.80
"02/05/2021 20:25:00","PJM",61847,22.56,-0.04,-26.73
"02/05/2021 20:25:00","WEST",61752,3.42,0.22,-7.35
"02/05/2021 20:30:00","CAPITL",61757,52.41,-0.29,-56.52
"02/05/2021 20:30:00","CENTRL",61754,3.06,-0.02,-6.90
"02/05/2021 20:30:00","DUNWOD",61760,37.17,-0.32,-41.31
"02/05/2021 20:30:00","GENESE",61753,1.58,0.09,-5.32
"02/05/2021 20:30:00","H Q",61844,-3.72,0.10,0.00
"02/05/2021 20:30:00","HUD VL",61758,36.84,-0.28,-40.95
"02/05/2021 20:30:00","LONGIL",61762,80.47,-0.42,-84.72
"02/05/2021 20:30:00","MHK VL",61756,3.54,-0.16,-7.52
"02/05/2021 20:30:00","MILLWD",61759,37.66,-0.31,-41.79
"02/05/2021 20:30:00","N.Y.C.",61761,37.13,-0.34,-41.31
"02/05/2021 20:30:00","NORTH",61755,-3.74,0.09,0.00
"02/05/2021 20:30:00","NPX",61845,62.92,-0.28,-67.02
"02/05/2021 20:30:00","O H",61846,2.98,0.29,-6.51
"02/05/2021 20:30:00","PJM",61847,21.73,-0.03,-25.59
"02/05/2021 20:30:00","WEST",61752,3.41,0.20,-7.03
"02/05/2021 20:35:00","CAPITL",61757,59.77,-0.51,-67.21
"02/05/2021 20:35:00","CENTRL",61754,1.25,-0.03,-8.21
"02/05/2021 20:35:00","DUNWOD",61760,41.62,-0.58,-49.13
"02/05/2021 20:35:00","GENESE",61753,-0.43,0.18,-6.32
"02/05/2021 20:35:00","H Q",61844,-6.75,0.19,0.00
"02/05/2021 20:35:00","HUD VL",61758,41.26,-0.51,-48.70
"02/05/2021 20:35:00","LONGIL",61762,60.87,-0.76,-68.56
"02/05/2021 20:35:00","MHK VL",61756,1.73,-0.28,-8.94
"02/05/2021 20:35:00","MILLWD",61759,42.21,-0.55,-49.70
"02/05/2021 20:35:00","N.Y.C.",61761,41.56,-0.62,-49.12
"02/05/2021 20:35:00","NORTH",61755,-6.77,0.17,0.00
"02/05/2021 20:35:00","NPX",61845,57.66,-0.49,-65.08
"02/05/2021 20:35:00","O H",61846,1.36,0.55,-7.74
"02/05/2021 20:35:00","PJM",61847,23.44,-0.06,-30.43
"02/05/2021 20:35:00","WEST",61752,1.82,0.39,-8.36
"02/05/2021 20:40:00","CAPITL",61757,52.60,-0.48,-59.48
"02/05/2021 20:40:00","CENTRL",61754,0.83,-0.04,-7.27
"02/05/2021 20:40:00","DUNWOD",61760,36.55,-0.53,-43.48
"02/05/2021 20:40:00","GENESE",61753,-0.65,0.16,-5.60
"02/05/2021 20:40:00","H Q",61844,-6.23,0.17,0.00
"02/05/2021 20:40:00","HUD VL",61758,36.23,-0.47,-43.10
"02/05/2021 20:40:00","LONGIL",61762,60.86,-0.71,-67.97
"02/05/2021 20:40:00","MHK VL",61756,1.25,-0.26,-7.91
"02/05/2021 20:40:00","MILLWD",61759,37.06,-0.52,-43.98
"02/05/2021 20:40:00","N.Y.C.",61761,36.49,-0.58,-43.47
"02/05/2021 20:40:00","NORTH",61755,-6.25,0.15,0.00
"02/05/2021 20:40:00","NPX",61845,51.56,-0.46,-58.42
"02/05/2021 20:40:00","O H",61846,0.95,0.50,-6.85
"02/05/2021 20:40:00","PJM",61847,20.46,-0.06,-26.93
"02/05/2021 20:40:00","WEST",61752,1.34,0.34,-7.40
"02/05/2021 20:45:00","CAPITL",61757,52.41,-0.29,-56.55
"02/05/2021 20:45:00","CENTRL",61754,3.05,-0.02,-6.91
"02/05/2021 20:45:00","DUNWOD",61760,37.18,-0.32,-41.33
"02/05/2021 20:45:00","GENESE",61753,1.58,0.10,-5.32
"02/05/2021 20:45:00","H Q",61844,-3.74,0.10,0.00
"02/05/2021 20:45:00","HUD VL",61758,36.85,-0.28,-40.97
"02/05/2021 20:45:00","LONGIL",61762,60.87,-0.42,-65.13
"02/05/2021 20:45:00","MHK VL",61756,3.53,-0.15,-7.52
"02/05/2021 20:45:00","MILLWD",61759,37.66,-0.31,-41.81
"02/05/2021 20:45:00","N.Y.C.",61761,37.14,-0.35,-41.32
"02/05/2021 20:45:00","NORTH",61755,-3.76,0.08,0.00
"02/05/2021 20:45:00","NPX",61845,51.77,-0.28,-55.89
"02/05/2021 20:45:00","O H",61846,2.98,0.31,-6.51
"02/05/2021 20:45:00","PJM",61847,21.73,-0.03,-25.60
"02/05/2021 20:45:00","WEST",61752,3.41,0.22,-7.04
"02/05/2021 20:50:00","CAPITL",61757,52.42,-0.29,-56.60
"02/05/2021 20:50:00","CENTRL",61754,3.02,-0.01,-6.91
"02/05/2021 20:50:00","DUNWOD",61760,37.17,-0.31,-41.37
"02/05/2021 20:50:00","GENESE",61753,1.56,0.12,-5.32
"02/05/2021 20:50:00","H Q",61844,-3.78,0.10,0.00
"02/05/2021 20:50:00","HUD VL",61758,36.85,-0.28,-41.01
"02/05/2021 20:50:00","LONGIL",61762,60.87,-0.42,-65.17
"02/05/2021 20:50:00","MHK VL",61756,3.50,-0.15,-7.53
"02/05/2021 20:50:00","MILLWD",61759,37.66,-0.30,-41.85
"02/05/2021 20:50:00","N.Y.C.",61761,37.14,-0.34,-41.36
"02/05/2021 20:50:00","NORTH",61755,-3.80,0.09,0.00
"02/05/2021 20:50:00","NPX",61845,51.99,-0.28,-56.15
"02/05/2021 20:50:00","O H",61846,2.98,0.34,-6.52
"02/05/2021 20:50:00","PJM",61847,21.72,-0.02,-25.62
"02/05/2021 20:50:00","WEST",61752,3.41,0.25,-7.04
"02/05/2021 20:55:00","CAPITL",61757,52.43,-0.29,-56.59
"02/05/2021 20:55:00","CENTRL",61754,3.03,-0.01,-6.91
"02/05/2021 20:55:00","DUNWOD",61760,37.18,-0.31,-41.36
"02/05/2021 20:55:00","GENESE",61753,1.57,0.12,-5.32
"02/05/2021 20:55:00","H Q",61844,-3.77,0.10,0.00
"02/05/2021 20:55:00","HUD VL",61758,36.85,-0.27,-41.00
"02/05/2021 20:55:00","LONGIL",61762,56.85,-0.42,-61.14
"02/05/2021 20:55:00","MHK VL",61756,3.50,-0.15,-7.53
"02/05/2021 20:55:00","MILLWD",61759,37.66,-0.30,-41.84
"02/05/2021 20:55:00","N.Y.C.",61761,37.14,-0.34,-41.35
"02/05/2021 20:55:00","NORTH",61755,-3.79,0.09,0.00
"02/05/2021 20:55:00","NPX",61845,51.99,-0.27,-56.14
"02/05/2021 20:55:00","O H",61846,2.98,0.33,-6.52
"02/05/2021 20:55:00","PJM",61847,21.72,-0.02,-25.62
"02/05/2021 20:55:00","WEST",61752,3.41,0.24,-7.04
"02/05/2021 21:00:00","CAPITL",61757,51.20,0.87,-38.60
"02/05/2021 21:00:00","CENTRL",61754,16.47,0.02,-4.72
"02/05/2021 21:00:00","DUNWOD",61760,40.92,0.97,-28.21
"02/05/2021 21:00:00","GENESE",61753,15.00,-0.36,-3.63
"02/05/2021 21:00:00","H Q",61844,11.42,-0.32,0.00
"02/05/2021 21:00:00","HUD VL",61758,40.55,0.86,-27.96
"02/05/2021 21:00:00","LONGIL",61762,66.07,1.28,-53.05
"02/05/2021 21:00:00","MHK VL",61756,17.32,0.46,-5.13
"02/05/2021 21:00:00","MILLWD",61759,41.21,0.94,-28.54
"02/05/2021 21:00:00","N.Y.C.",61761,41.00,1.06,-28.21
"02/05/2021 21:00:00","NORTH",61755,11.46,-0.27,0.00
"02/05/2021 21:00:00","NPX",61845,53.22,0.85,-40.64
"02/05/2021 21:00:00","O H",61846,15.16,-1.02,-4.45
"02/05/2021 21:00:00","PJM",61847,29.26,0.06,-17.47
"02/05/2021 21:00:00","WEST",61752,15.80,-0.74,-4.80
"02/05/2021 21:05:00","CAPITL",61757,51.31,0.78,-40.18
"02/05/2021 21:05:00","CENTRL",61754,15.30,0.04,-4.91
"02/05/2021 21:05:00","DUNWOD",61760,40.57,0.85,-29.37
"02/05/2021 21:05:00","GENESE",61753,13.85,-0.28,-3.78
"02/05/2021 21:05:00","H Q",61844,10.06,-0.29,0.00
"02/05/2021 21:05:00","HUD VL",61758,40.21,0.75,-29.11
"02/05/2021 21:05:00","LONGIL",61762,57.02,1.12,-45.55
"02/05/2021 21:05:00","MHK VL",61756,16.09,0.39,-5.34
"02/05/2021 21:05:00","MILLWD",61759,40.87,0.82,-29.70
"02/05/2021 21:05:00","N.Y.C.",61761,40.64,0.92,-29.36
"02/05/2021 21:05:00","NORTH",61755,10.09,-0.26,0.00
"02/05/2021 21:05:00","NPX",61845,53.01,0.74,-41.92
"02/05/2021 21:05:00","O H",61846,14.14,-0.84,-4.63
"02/05/2021 21:05:00","PJM",61847,28.61,0.07,-18.19
"02/05/2021 21:05:00","WEST",61752,14.75,-0.60,-5.00
"02/05/2021 21:10:00","CAPITL",61757,51.54,0.56,-43.52
"02/05/2021 21:10:00","CENTRL",61754,12.83,0.05,-5.33
"02/05/2021 21:10:00","DUNWOD",61760,39.90,0.62,-31.82
"02/05/2021 21:10:00","GENESE",61753,11.36,-0.19,-4.09
"02/05/2021 21:10:00","H Q",61844,7.24,-0.22,0.00
"02/05/2021 21:10:00","HUD VL",61758,39.54,0.54,-31.54
"02/05/2021 21:10:00","LONGIL",61762,56.99,0.81,-48.73
"02/05/2021 21:10:00","MHK VL",61756,13.58,0.29,-5.83
"02/05/2021 21:10:00","MILLWD",61759,40.24,0.60,-32.19
"02/05/2021 21:10:00","N.Y.C.",61761,39.94,0.66,-31.81
"02/05/2021 21:10:00","NORTH",61755,7.25,-0.21,0.00
"02/05/2021 21:10:00","NPX",61845,52.80,0.53,-44.81
"02/05/2021 21:10:00","O H",61846,11.88,-0.60,-5.01
"02/05/2021 21:10:00","PJM",61847,27.24,0.07,-19.71
"02/05/2021 21:10:00","WEST",61752,12.46,-0.41,-5.42
"02/05/2021 21:15:00","CAPITL",61757,52.29,-0.19,-55.02
"02/05/2021 21:15:00","CENTRL",61754,4.18,-0.02,-6.73
"02/05/2021 21:15:00","DUNWOD",61760,37.48,-0.21,-40.23
"02/05/2021 21:15:00","GENESE",61753,2.70,0.06,-5.18
"02/05/2021 21:15:00","H Q",61844,-2.47,0.07,0.00
"02/05/2021 21:15:00","HUD VL",61758,37.15,-0.19,-39.88
"02/05/2021 21:15:00","LONGIL",61762,72.29,-0.28,-75.11
"02/05/2021 21:15:00","MHK VL",61756,4.73,-0.10,-7.37
"02/05/2021 21:15:00","MILLWD",61759,37.95,-0.20,-40.70
"02/05/2021 21:15:00","N.Y.C.",61761,37.46,-0.23,-40.22
"02/05/2021 21:15:00","NORTH",61755,-2.46,0.08,0.00
"02/05/2021 21:15:00","NPX",61845,52.00,-0.18,-54.72
"02/05/2021 21:15:00","O H",61846,3.99,0.19,-6.34
"02/05/2021 21:15:00","PJM",61847,22.35,-0.02,-24.92
"02/05/2021 21:15:00","WEST",61752,4.44,0.13,-6.85
"02/05/2021 21:20:00","CAPITL",61757,52.29,-0.19,-55.02
"02/05/2021 21:20:00","CENTRL",61754,4.18,-0.02,-6.73
"02/05/2021 21:20:00","DUNWOD",61760,37.48,-0.21,-40.23
"02/05/2021 21:20:00","GENESE",61753,2.70,0.06,-5.18
"02/05/2021 21:20:00","H Q",61844,-2.46,0.07,0.00
"02/05/2021 21:20:00","HUD VL",61758,37.15,-0.19,-39.87
"02/05/2021 21:20:00","LONGIL",61762,72.29,-0.28,-75.11
"02/05/2021 21:20:00","MHK VL",61756,4.74,-0.10,-7.37
"02/05/2021 21:20:00","MILLWD",61759,37.96,-0.20,-40.69
"02/05/2021 21:20:00","N.Y.C.",61761,37.46,-0.23,-40.22
"02/05/2021 21:20:00","NORTH",61755,-2.46,0.08,0.00
"02/05/2021 21:20:00","NPX",61845,51.79,-0.18,-54.50
"02/05/2021 21:20:00","O H",61846,3.99,0.19,-6.34
"02/05/2021 21:20:00","PJM",61847,22.36,-0.02,-24.91
"02/05/2021 21:20:00","WEST",61752,4.44,0.13,-6.85
"02/05/2021 21:25:00","CAPITL",61757,52.30,-0.19,-55.03
"02/05/2021 21:25:00","CENTRL",61754,4.18,-0.02,-6.74
"02/05/2021 21:25:00","DUNWOD",61760,37.49,-0.21,-40.24
"02/05/2021 21:25:00","GENESE",61753,2.70,0.06,-5.18
"02/05/2021 21:25:00","H Q",61844,-2.47,0.07,0.00
"02/05/2021 21:25:00","HUD VL",61758,37.15,-0.19,-39.88
"02/05/2021 21:25:00","LONGIL",61762,37.42,-0.28,-40.24
"02/05/2021 21:25:00","MHK VL",61756,4.73,-0.10,-7.37
"02/05/2021 21:25:00","MILLWD",61759,37.96,-0.20,-40.70
"02/05/2021 21:25:00","N.Y.C.",61761,37.46,-0.23,-40.23
"02/05/2021 21:25:00","NORTH",61755,-2.46,0.08,0.00
"02/05/2021 21:25:00","NPX",61845,51.79,-0.18,-54.52
"02/05/2021 21:25:00","O H",61846,3.99,0.19,-6.34
"02/05/2021 21:25:00","PJM",61847,22.36,-0.02,-24.92
"02/05/2021 21:25:00","WEST",61752,4.44,0.13,-6.85
"02/05/2021 21:30:00","CAPITL",61757,52.30,-0.19,-55.03
"02/05/2021 21:30:00","CENTRL",61754,4.18,-0.02,-6.74
"02/05/2021 21:30:00","DUNWOD",61760,37.49,-0.21,-40.24
"02/05/2021 21:30:00","GENESE",61753,2.70,0.06,-5.18
"02/05/2021 21:30:00","H Q",61844,-2.47,0.07,0.00
"02/05/2021 21:30:00","HUD VL",61758,37.16,-0.19,-39.88
"02/05/2021 21:30:00","LONGIL",61762,37.42,-0.28,-40.23
"02/05/2021 21:30:00","MHK VL",61756,4.73,-0.10,-7.37
"02/05/2021 21:30:00","MILLWD",61759,37.96,-0.20,-40.70
"02/05/2021 21:30:00","N.Y.C.",61761,37.46,-0.23,-40.23
"02/05/2021 21:30:00","NORTH",61755,-2.46,0.08,0.00
"02/05/2021 21:30:00","NPX",61845,51.79,-0.18,-54.51
"02/05/2021 21:30:00","O H",61846,3.99,0.19,-6.34
"02/05/2021 21:30:00","PJM",61847,22.35,-0.03,-24.92
"02/05/2021 21:30:00","WEST",61752,4.44,0.13,-6.85
"02/05/2021 21:35:00","CAPITL",61757,52.29,-0.19,-55.01
"02/05/2021 21:35:00","CENTRL",61754,4.19,-0.02,-6.73
"02/05/2021 21:35:00","DUNWOD",61760,37.49,-0.21,-40.22
"02/05/2021 21:35:00","GENESE",61753,2.70,0.05,-5.17
"02/05/2021 21:35:00","H Q",61844,-2.45,0.08,0.00
"02/05/2021 21:35:00","HUD VL",61758,37.15,-0.19,-39.86
"02/05/2021 21:35:00","LONGIL",61762,37.42,-0.28,-40.22
"02/05/2021 21:35:00","MHK VL",61756,4.75,-0.10,-7.37
"02/05/2021 21:35:00","MILLWD",61759,37.96,-0.20,-40.69
"02/05/2021 21:35:00","N.Y.C.",61761,37.46,-0.23,-40.21
"02/05/2021 21:35:00","NORTH",61755,-2.43,0.09,0.00
"02/05/2021 21:35:00","NPX",61845,49.87,-0.18,-52.58
"02/05/2021 21:35:00","O H",61846,3.99,0.17,-6.34
"02/05/2021 21:35:00","PJM",61847,22.36,-0.03,-24.91
"02/05/2021 21:35:00","WEST",61752,4.44,0.12,-6.84
"02/05/2021 21:40:00","CAPITL",61757,52.30,-0.19,-55.00
"02/05/2021 21:40:00","CENTRL",61754,4.20,-0.02,-6.73
"02/05/2021 21:40:00","DUNWOD",61760,37.49,-0.21,-40.22
"02/05/2021 21:40:00","GENESE",61753,2.71,0.05,-5.17
"02/05/2021 21:40:00","H Q",61844,-2.44,0.08,0.00
"02/05/2021 21:40:00","HUD VL",61758,37.16,-0.18,-39.86
"02/05/2021 21:40:00","LONGIL",61762,37.43,-0.27,-40.22
"02/05/2021 21:40:00","MHK VL",61756,4.75,-0.10,-7.37
"02/05/2021 21:40:00","MILLWD",61759,37.97,-0.20,-40.68
"02/05/2021 21:40:00","N.Y.C.",61761,37.47,-0.22,-40.21
"02/05/2021 21:40:00","NORTH",61755,-2.43,0.09,0.00
"02/05/2021 21:40:00","NPX",61845,49.88,-0.18,-52.57
"02/05/2021 21:40:00","O H",61846,3.99,0.17,-6.34
"02/05/2021 21:40:00","PJM",61847,22.36,-0.03,-24.91
"02/05/2021 21:40:00","WEST",61752,4.44,0.11,-6.84
"02/05/2021 21:45:00","CAPITL",61757,52.68,-0.55,-60.56
"02/05/2021 21:45:00","CENTRL",61754,0.04,-0.04,-7.41
"02/05/2021 21:45:00","DUNWOD",61760,36.35,-0.60,-44.28
"02/05/2021 21:45:00","GENESE",61753,-1.45,0.18,-5.70
"02/05/2021 21:45:00","H Q",61844,-7.10,0.22,0.00
"02/05/2021 21:45:00","HUD VL",61758,36.04,-0.53,-43.89
"02/05/2021 21:45:00","LONGIL",61762,36.17,-0.78,-44.28
"02/05/2021 21:45:00","MHK VL",61756,0.52,-0.27,-8.11
"02/05/2021 21:45:00","MILLWD",61759,36.89,-0.58,-44.79
"02/05/2021 21:45:00","N.Y.C.",61761,36.30,-0.64,-44.27
"02/05/2021 21:45:00","NORTH",61755,-7.07,0.26,0.00
"02/05/2021 21:45:00","NPX",61845,49.50,-0.53,-57.36
"02/05/2021 21:45:00","O H",61846,0.20,0.54,-6.98
"02/05/2021 21:45:00","PJM",61847,20.03,-0.07,-27.42
"02/05/2021 21:45:00","WEST",61752,0.59,0.38,-7.54
"02/05/2021 21:50:00","CAPITL",61757,52.94,-0.79,-64.28
"02/05/2021 21:50:00","CENTRL",61754,-2.72,-0.04,-7.87
"02/05/2021 21:50:00","DUNWOD",61760,35.60,-0.85,-47.00
"02/05/2021 21:50:00","GENESE",61753,-4.23,0.27,-6.05
"02/05/2021 21:50:00","H Q",61844,-10.24,0.31,0.00
"02/05/2021 21:50:00","HUD VL",61758,35.29,-0.75,-46.58
"02/05/2021 21:50:00","LONGIL",61762,35.34,-1.11,-47.00
"02/05/2021 21:50:00","MHK VL",61756,-2.32,-0.38,-8.61
"02/05/2021 21:50:00","MILLWD",61759,36.17,-0.82,-47.54
"02/05/2021 21:50:00","N.Y.C.",61761,35.52,-0.92,-46.99
"02/05/2021 21:50:00","NORTH",61755,-10.18,0.37,0.00
"02/05/2021 21:50:00","NPX",61845,57.51,-0.76,-68.82
"02/05/2021 21:50:00","O H",61846,-2.33,0.81,-7.41
"02/05/2021 21:50:00","PJM",61847,18.49,-0.07,-29.11
"02/05/2021 21:50:00","WEST",61752,-1.96,0.59,-8.00
"02/05/2021 21:55:00","CAPITL",61757,52.68,-0.55,-60.51
"02/05/2021 21:55:00","CENTRL",61754,0.08,-0.04,-7.41
"02/05/2021 21:55:00","DUNWOD",61760,36.37,-0.59,-44.25
"02/05/2021 21:55:00","GENESE",61753,-1.41,0.19,-5.69
"02/05/2021 21:55:00","H Q",61844,-7.07,0.22,0.00
"02/05/2021 21:55:00","HUD VL",61758,36.04,-0.53,-43.86
"02/05/2021 21:55:00","LONGIL",61762,36.19,-0.77,-44.25
"02/05/2021 21:55:00","MHK VL",61756,0.56,-0.26,-8.11
"02/05/2021 21:55:00","MILLWD",61759,36.90,-0.57,-44.76
"02/05/2021 21:55:00","N.Y.C.",61761,36.32,-0.63,-44.24
"02/05/2021 21:55:00","NORTH",61755,-7.02,0.27,0.00
"02/05/2021 21:55:00","NPX",61845,57.77,-0.53,-65.58
"02/05/2021 21:55:00","O H",61846,0.25,0.57,-6.97
"02/05/2021 21:55:00","PJM",61847,20.06,-0.06,-27.40
"02/05/2021 21:55:00","WEST",61752,0.65,0.41,-7.53
"02/05/2021 22:00:00","CAPITL",61757,38.54,2.79,0.00
"02/05/2021 22:00:00","CENTRL",61754,35.93,0.18,0.00
"02/05/2021 22:00:00","DUNWOD",61760,38.68,2.93,0.00
"02/05/2021 22:00:00","GENESE",61753,34.82,-0.93,0.00
"02/05/2021 22:00:00","H Q",61844,34.68,-1.07,0.00
"02/05/2021 22:00:00","HUD VL",61758,38.32,2.58,0.00
"02/05/2021 22:00:00","LONGIL",61762,39.47,3.72,0.00
"02/05/2021 22:00:00","MHK VL",61756,37.03,1.29,0.00
"02/05/2021 22:00:00","MILLWD",61759,38.57,2.82,0.00
"02/05/2021 22:00:00","N.Y.C.",61761,38.97,3.22,0.00
"02/05/2021 22:00:00","NORTH",61755,34.43,-1.32,0.00
"02/05/2021 22:00:00","NPX",61845,51.84,2.65,-13.44
"02/05/2021 22:00:00","O H",61846,33.00,-2.75,0.00
"02/05/2021 22:00:00","PJM",61847,36.03,0.28,0.00
"02/05/2021 22:00:00","WEST",61752,33.78,-1.97,0.00
"02/05/2021 22:05:00","CAPITL",61757,48.57,3.39,0.00
"02/05/2021 22:05:00","CENTRL",61754,45.59,0.41,0.00
"02/05/2021 22:05:00","DUNWOD",61760,48.80,3.62,0.00
"02/05/2021 22:05:00","GENESE",61753,44.28,-0.90,0.00
"02/05/2021 22:05:00","H Q",61844,43.83,-1.35,0.00
"02/05/2021 22:05:00","HUD VL",61758,48.34,3.16,0.00
"02/05/2021 22:05:00","LONGIL",61762,49.79,4.61,0.00
"02/05/2021 22:05:00","MHK VL",61756,46.85,1.67,0.00
"02/05/2021 22:05:00","MILLWD",61759,48.66,3.48,0.00
"02/05/2021 22:05:00","N.Y.C.",61761,49.11,3.93,0.00
"02/05/2021 22:05:00","NORTH",61755,43.51,-1.67,0.00
"02/05/2021 22:05:00","NPX",61845,53.95,3.21,-5.56
"02/05/2021 22:05:00","O H",61846,42.20,-2.98,0.00
"02/05/2021 22:05:00","PJM",61847,45.73,0.54,0.00
"02/05/2021 22:05:00","WEST",61752,43.24,-1.94,0.00
"02/05/2021 22:10:00","CAPITL",61757,48.43,3.38,0.00
"02/05/2021 22:10:00","CENTRL",61754,45.37,0.32,0.00
"02/05/2021 22:10:00","DUNWOD",61760,48.57,3.52,0.00
"02/05/2021 22:10:00","GENESE",61753,43.93,-1.12,0.00
"02/05/2021 22:10:00","H Q",61844,43.74,-1.31,0.00
"02/05/2021 22:10:00","HUD VL",61758,48.16,3.11,0.00
"02/05/2021 22:10:00","LONGIL",61762,49.56,4.50,0.00
"02/05/2021 22:10:00","MHK VL",61756,46.67,1.62,0.00
"02/05/2021 22:10:00","MILLWD",61759,48.43,3.38,0.00
"02/05/2021 22:10:00","N.Y.C.",61761,48.84,3.78,0.00
"02/05/2021 22:10:00","NORTH",61755,43.52,-1.53,0.00
"02/05/2021 22:10:00","NPX",61845,53.81,3.20,-5.56
"02/05/2021 22:10:00","O H",61846,41.67,-3.38,0.00
"02/05/2021 22:10:00","PJM",61847,45.50,0.45,0.00
"02/05/2021 22:10:00","WEST",61752,42.80,-2.25,0.00
"02/05/2021 22:15:00","CAPITL",61757,38.09,2.72,0.00
"02/05/2021 22:15:00","CENTRL",61754,35.44,0.07,0.00
"02/05/2021 22:15:00","DUNWOD",61760,38.09,2.72,0.00
"02/05/2021 22:15:00","GENESE",61753,34.20,-1.17,0.00
"02/05/2021 22:15:00","H Q",61844,34.41,-0.95,0.00
"02/05/2021 22:15:00","HUD VL",61758,37.77,2.41,0.00
"02/05/2021 22:15:00","LONGIL",61762,38.84,3.47,0.00
"02/05/2021 22:15:00","MHK VL",61756,36.60,1.24,0.00
"02/05/2021 22:15:00","MILLWD",61759,37.98,2.62,0.00
"02/05/2021 22:15:00","N.Y.C.",61761,38.34,2.97,0.00
"02/05/2021 22:15:00","NORTH",61755,34.31,-1.06,0.00
"02/05/2021 22:15:00","NPX",61845,43.48,2.55,-5.56
"02/05/2021 22:15:00","O H",61846,32.29,-3.08,0.00
"02/05/2021 22:15:00","PJM",61847,35.51,0.14,0.00
"02/05/2021 22:15:00","WEST",61752,33.10,-2.26,0.00
"02/05/2021 22:20:00","CAPITL",61757,52.14,0.78,-41.19
"02/05/2021 22:20:00","CENTRL",61754,15.28,0.06,-5.05
"02/05/2021 22:20:00","DUNWOD",61760,41.11,0.81,-30.13
"02/05/2021 22:20:00","GENESE",61753,13.77,-0.26,-3.87
"02/05/2021 22:20:00","H Q",61844,9.86,-0.30,0.00
"02/05/2021 22:20:00","HUD VL",61758,40.75,0.72,-29.87
"02/05/2021 22:20:00","LONGIL",61762,41.31,1.02,-30.13
"02/05/2021 22:20:00","MHK VL",61756,16.03,0.37,-5.50
"02/05/2021 22:20:00","MILLWD",61759,41.42,0.78,-30.47
"02/05/2021 22:20:00","N.Y.C.",61761,41.17,0.88,-30.13
"02/05/2021 22:20:00","NORTH",61755,9.82,-0.35,0.00
"02/05/2021 22:20:00","NPX",61845,53.46,0.74,-42.56
"02/05/2021 22:20:00","O H",61846,14.14,-0.77,-4.75
"02/05/2021 22:20:00","PJM",61847,28.91,0.08,-18.66
"02/05/2021 22:20:00","WEST",61752,14.73,-0.56,-5.12
"02/05/2021 22:25:00","CAPITL",61757,51.24,0.78,-40.24
"02/05/2021 22:25:00","CENTRL",61754,15.22,0.06,-4.93
"02/05/2021 22:25:00","DUNWOD",61760,40.47,0.81,-29.43
"02/05/2021 22:25:00","GENESE",61753,13.78,-0.23,-3.78
"02/05/2021 22:25:00","H Q",61844,9.92,-0.31,0.00
"02/05/2021 22:25:00","HUD VL",61758,40.12,0.72,-29.17
"02/05/2021 22:25:00","LONGIL",61762,40.67,1.01,-29.43
"02/05/2021 22:25:00","MHK VL",61756,15.96,0.36,-5.38
"02/05/2021 22:25:00","MILLWD",61759,40.77,0.78,-29.76
"02/05/2021 22:25:00","N.Y.C.",61761,40.52,0.87,-29.42
"02/05/2021 22:25:00","NORTH",61755,9.89,-0.34,0.00
"02/05/2021 22:25:00","NPX",61845,52.70,0.74,-41.73
"02/05/2021 22:25:00","O H",61846,14.14,-0.73,-4.64
"02/05/2021 22:25:00","PJM",61847,28.54,0.08,-18.23
"02/05/2021 22:25:00","WEST",61752,14.71,-0.52,-5.01
"02/05/2021 22:30:00","CAPITL",61757,27.44,1.03,-12.80
"02/05/2021 22:30:00","CENTRL",61754,15.27,0.10,-1.57
"02/05/2021 22:30:00","DUNWOD",61760,24.04,1.07,-9.36
"02/05/2021 22:30:00","GENESE",61753,14.51,-0.30,-1.20
"02/05/2021 22:30:00","H Q",61844,13.20,-0.41,0.00
"02/05/2021 22:30:00","HUD VL",61758,23.84,0.95,-9.28
"02/05/2021 22:30:00","LONGIL",61762,24.30,1.33,-9.36
"02/05/2021 22:30:00","MHK VL",61756,15.78,0.46,-1.71
"02/05/2021 22:30:00","MILLWD",61759,24.10,1.03,-9.47
"02/05/2021 22:30:00","N.Y.C.",61761,24.12,1.16,-9.36
"02/05/2021 22:30:00","NORTH",61755,13.13,-0.48,0.00
"02/05/2021 22:30:00","NPX",61845,32.68,0.99,-18.08
"02/05/2021 22:30:00","O H",61846,14.14,-0.94,-1.48
"02/05/2021 22:30:00","PJM",61847,19.54,0.14,-5.80
"02/05/2021 22:30:00","WEST",61752,14.54,-0.65,-1.59
"02/05/2021 22:35:00","CAPITL",61757,27.08,1.05,-12.41
"02/05/2021 22:35:00","CENTRL",61754,15.21,0.07,-1.52
"02/05/2021 22:35:00","DUNWOD",61760,23.76,1.06,-9.07
"02/05/2021 22:35:00","GENESE",61753,14.49,-0.30,-1.17
"02/05/2021 22:35:00","H Q",61844,13.23,-0.40,0.00
"02/05/2021 22:35:00","HUD VL",61758,23.56,0.94,-8.99
"02/05/2021 22:35:00","LONGIL",61762,24.01,1.31,-9.07
"02/05/2021 22:35:00","MHK VL",61756,15.73,0.45,-1.66
"02/05/2021 22:35:00","MILLWD",61759,23.82,1.02,-9.18
"02/05/2021 22:35:00","N.Y.C.",61761,23.85,1.16,-9.07
"02/05/2021 22:35:00","NORTH",61755,13.16,-0.46,0.00
"02/05/2021 22:35:00","NPX",61845,45.80,0.99,-31.18
"02/05/2021 22:35:00","O H",61846,14.11,-0.94,-1.43
"02/05/2021 22:35:00","PJM",61847,19.35,0.11,-5.62
"02/05/2021 22:35:00","WEST",61752,14.50,-0.67,-1.54
"02/05/2021 22:40:00","CAPITL",61757,25.47,1.07,-10.53
"02/05/2021 22:40:00","CENTRL",61754,15.26,0.10,-1.29
"02/05/2021 22:40:00","DUNWOD",61760,22.67,1.10,-7.70
"02/05/2021 22:40:00","GENESE",61753,14.54,-0.32,-0.99
"02/05/2021 22:40:00","H Q",61844,13.46,-0.42,0.00
"02/05/2021 22:40:00","HUD VL",61758,22.46,0.96,-7.63
"02/05/2021 22:40:00","LONGIL",61762,22.91,1.33,-7.70
"02/05/2021 22:40:00","MHK VL",61756,15.75,0.47,-1.41
"02/05/2021 22:40:00","MILLWD",61759,22.70,1.04,-7.79
"02/05/2021 22:40:00","N.Y.C.",61761,22.75,1.18,-7.70
"02/05/2021 22:40:00","NORTH",61755,13.40,-0.47,0.00
"02/05/2021 22:40:00","NPX",61845,44.45,1.01,-29.56
"02/05/2021 22:40:00","O H",61846,14.12,-0.97,-1.21
"02/05/2021 22:40:00","PJM",61847,18.78,0.14,-4.77
"02/05/2021 22:40:00","WEST",61752,14.52,-0.67,-1.31
"02/05/2021 22:45:00","CAPITL",61757,25.05,1.07,-10.06
"02/05/2021 22:45:00","CENTRL",61754,15.23,0.08,-1.23
"02/05/2021 22:45:00","DUNWOD",61760,22.38,1.10,-7.36
"02/05/2021 22:45:00","GENESE",61753,14.56,-0.31,-0.95
"02/05/2021 22:45:00","H Q",61844,13.51,-0.40,0.00
"02/05/2021 22:45:00","HUD VL",61758,22.17,0.96,-7.30
"02/05/2021 22:45:00","LONGIL",61762,22.61,1.34,-7.36
"02/05/2021 22:45:00","MHK VL",61756,15.73,0.47,-1.34
"02/05/2021 22:45:00","MILLWD",61759,22.40,1.04,-7.44
"02/05/2021 22:45:00","N.Y.C.",61761,22.47,1.20,-7.36
"02/05/2021 22:45:00","NORTH",61755,13.46,-0.46,0.00
"02/05/2021 22:45:00","NPX",61845,44.10,1.02,-29.16
"02/05/2021 22:45:00","O H",61846,14.13,-0.95,-1.16
"02/05/2021 22:45:00","PJM",61847,18.60,0.12,-4.56
"02/05/2021 22:45:00","WEST",61752,14.50,-0.67,-1.25
"02/05/2021 22:50:00","CAPITL",61757,17.65,1.24,-0.06
"02/05/2021 22:50:00","CENTRL",61754,16.46,0.10,-0.01
"02/05/2021 22:50:00","DUNWOD",61760,17.69,1.29,-0.05
"02/05/2021 22:50:00","GENESE",61753,15.95,-0.41,-0.01
"02/05/2021 22:50:00","H Q",61844,15.86,-0.49,0.00
"02/05/2021 22:50:00","HUD VL",61758,17.54,1.14,-0.04
"02/05/2021 22:50:00","LONGIL",61762,17.95,1.55,-0.05
"02/05/2021 22:50:00","MHK VL",61756,16.91,0.56,-0.01
"02/05/2021 22:50:00","MILLWD",61759,17.62,1.23,-0.05
"02/05/2021 22:50:00","N.Y.C.",61761,17.80,1.41,-0.05
"02/05/2021 22:50:00","NORTH",61755,15.81,-0.54,0.00
"02/05/2021 22:50:00","NPX",61845,33.36,1.18,-15.83
"02/05/2021 22:50:00","O H",61846,15.16,-1.19,-0.01
"02/05/2021 22:50:00","PJM",61847,16.52,0.15,-0.03
"02/05/2021 22:50:00","WEST",61752,15.51,-0.85,-0.01
"02/05/2021 22:55:00","CAPITL",61757,18.66,1.33,0.00
"02/05/2021 22:55:00","CENTRL",61754,17.44,0.12,0.00
"02/05/2021 22:55:00","DUNWOD",61760,18.67,1.35,0.00
"02/05/2021 22:55:00","GENESE",61753,16.87,-0.45,0.00
"02/05/2021 22:55:00","H Q",61844,16.80,-0.52,0.00
"02/05/2021 22:55:00","HUD VL",61758,18.52,1.19,0.00
"02/05/2021 22:55:00","LONGIL",61762,18.98,1.66,0.00
"02/05/2021 22:55:00","MHK VL",61756,17.91,0.59,0.00
"02/05/2021 22:55:00","MILLWD",61759,18.62,1.30,0.00
"02/05/2021 22:55:00","N.Y.C.",61761,18.79,1.47,0.00
"02/05/2021 22:55:00","NORTH",61755,16.73,-0.59,0.00
"02/05/2021 22:55:00","NPX",61845,34.35,1.25,-15.78
"02/05/2021 22:55:00","O H",61846,16.06,-1.26,0.00
"02/05/2021 22:55:00","PJM",61847,17.48,0.16,0.00
"02/05/2021 22:55:00","WEST",61752,16.42,-0.90,0.00
"02/05/2021 23:00:00","CAPITL",61757,25.90,1.26,-8.10
"02/05/2021 23:00:00","CENTRL",61754,17.62,0.08,-0.99
"02/05/2021 23:00:00","DUNWOD",61760,23.77,1.31,-5.92
"02/05/2021 23:00:00","GENESE",61753,16.82,-0.48,-0.76
"02/05/2021 23:00:00","H Q",61844,16.06,-0.48,0.00
"02/05/2021 23:00:00","HUD VL",61758,23.56,1.14,-5.87
"02/05/2021 23:00:00","LONGIL",61762,24.12,1.65,-5.92
"02/05/2021 23:00:00","MHK VL",61756,18.17,0.55,-1.08
"02/05/2021 23:00:00","MILLWD",61759,23.78,1.24,-5.99
"02/05/2021 23:00:00","N.Y.C.",61761,23.87,1.41,-5.92
"02/05/2021 23:00:00","NORTH",61755,16.00,-0.55,0.00
"02/05/2021 23:00:00","NPX",61845,40.51,1.21,-22.76
"02/05/2021 23:00:00","O H",61846,16.17,-1.31,-0.93
"02/05/2021 23:00:00","PJM",61847,20.33,0.12,-3.67
"02/05/2021 23:00:00","WEST",61752,16.61,-0.94,-1.01
"02/05/2021 23:05:00","CAPITL",61757,25.21,1.17,-8.65
"02/05/2021 23:05:00","CENTRL",61754,16.55,0.09,-1.06
"02/05/2021 23:05:00","DUNWOD",61760,22.93,1.22,-6.33
"02/05/2021 23:05:00","GENESE",61753,15.76,-0.45,-0.81
"02/05/2021 23:05:00","H Q",61844,14.95,-0.45,0.00
"02/05/2021 23:05:00","HUD VL",61758,22.72,1.06,-6.27
"02/05/2021 23:05:00","LONGIL",61762,23.29,1.57,-6.33
"02/05/2021 23:05:00","MHK VL",61756,17.06,0.51,-1.16
"02/05/2021 23:05:00","MILLWD",61759,22.95,1.15,-6.40
"02/05/2021 23:05:00","N.Y.C.",61761,23.03,1.31,-6.33
"02/05/2021 23:05:00","NORTH",61755,14.88,-0.51,0.00
"02/05/2021 23:05:00","NPX",61845,44.67,1.11,-28.17
"02/05/2021 23:05:00","O H",61846,15.19,-1.20,-1.00
"02/05/2021 23:05:00","PJM",61847,19.45,0.14,-3.92
"02/05/2021 23:05:00","WEST",61752,15.61,-0.86,-1.08
"02/05/2021 23:10:00","CAPITL",61757,36.16,-0.61,-44.82
"02/05/2021 23:10:00","CENTRL",61754,-2.63,-0.06,-5.49
"02/05/2021 23:10:00","DUNWOD",61760,24.10,-0.61,-32.78
"02/05/2021 23:10:00","GENESE",61753,-3.65,0.20,-4.21
"02/05/2021 23:10:00","H Q",61844,-7.82,0.24,0.00
"02/05/2021 23:10:00","HUD VL",61758,23.87,-0.54,-32.48
"02/05/2021 23:10:00","LONGIL",61762,23.92,-0.80,-32.78
"02/05/2021 23:10:00","MHK VL",61756,-2.29,-0.27,-6.04
"02/05/2021 23:10:00","MILLWD",61759,24.49,-0.59,-33.14
"02/05/2021 23:10:00","N.Y.C.",61761,24.06,-0.65,-32.77
"02/05/2021 23:10:00","NORTH",61755,-7.78,0.28,0.00
"02/05/2021 23:10:00","NPX",61845,50.71,-0.57,-59.34
"02/05/2021 23:10:00","O H",61846,-2.33,0.57,-5.17
"02/05/2021 23:10:00","PJM",61847,12.17,-0.07,-20.30
"02/05/2021 23:10:00","WEST",61752,-2.08,0.41,-5.57
"02/05/2021 23:15:00","CAPITL",61757,26.49,1.13,-10.35
"02/05/2021 23:15:00","CENTRL",61754,16.42,0.13,-1.27
"02/05/2021 23:15:00","DUNWOD",61760,23.75,1.17,-7.57
"02/05/2021 23:15:00","GENESE",61753,15.63,-0.36,-0.97
"02/05/2021 23:15:00","H Q",61844,14.56,-0.45,0.00
"02/05/2021 23:15:00","HUD VL",61758,23.55,1.04,-7.50
"02/05/2021 23:15:00","LONGIL",61762,24.11,1.53,-7.57
"02/05/2021 23:15:00","MHK VL",61756,16.90,0.49,-1.39
"02/05/2021 23:15:00","MILLWD",61759,23.79,1.13,-7.65
"02/05/2021 23:15:00","N.Y.C.",61761,23.84,1.26,-7.57
"02/05/2021 23:15:00","NORTH",61755,14.49,-0.53,0.00
"02/05/2021 23:15:00","NPX",61845,45.71,1.07,-29.63
"02/05/2021 23:15:00","O H",61846,15.15,-1.05,-1.19
"02/05/2021 23:15:00","PJM",61847,19.88,0.18,-4.69
"02/05/2021 23:15:00","WEST",61752,15.58,-0.72,-1.29
"02/05/2021 23:20:00","CAPITL",61757,27.51,1.02,-12.91
"02/05/2021 23:20:00","CENTRL",61754,15.28,0.12,-1.58
"02/05/2021 23:20:00","DUNWOD",61760,24.06,1.05,-9.44
"02/05/2021 23:20:00","GENESE",61753,14.48,-0.31,-1.21
"02/05/2021 23:20:00","H Q",61844,13.17,-0.41,0.00
"02/05/2021 23:20:00","HUD VL",61758,23.86,0.92,-9.36
"02/05/2021 23:20:00","LONGIL",61762,24.39,1.37,-9.44
"02/05/2021 23:20:00","MHK VL",61756,15.76,0.45,-1.74
"02/05/2021 23:20:00","MILLWD",61759,24.13,1.00,-9.55
"02/05/2021 23:20:00","N.Y.C.",61761,24.14,1.13,-9.44
"02/05/2021 23:20:00","NORTH",61755,13.09,-0.49,0.00
"02/05/2021 23:20:00","NPX",61845,46.88,0.96,-32.34
"02/05/2021 23:20:00","O H",61846,14.14,-0.92,-1.49
"02/05/2021 23:20:00","PJM",61847,19.59,0.16,-5.85
"02/05/2021 23:20:00","WEST",61752,14.56,-0.62,-1.61
"02/05/2021 23:25:00","CAPITL",61757,27.09,1.04,-12.34
"02/05/2021 23:25:00","CENTRL",61754,15.34,0.12,-1.51
"02/05/2021 23:25:00","DUNWOD",61760,23.77,1.04,-9.03
"02/05/2021 23:25:00","GENESE",61753,14.52,-0.34,-1.16
"02/05/2021 23:25:00","H Q",61844,13.30,-0.41,0.00
"02/05/2021 23:25:00","HUD VL",61758,23.57,0.92,-8.94
"02/05/2021 23:25:00","LONGIL",61762,24.10,1.37,-9.03
"02/05/2021 23:25:00","MHK VL",61756,15.82,0.45,-1.66
"02/05/2021 23:25:00","MILLWD",61759,23.83,1.00,-9.13
"02/05/2021 23:25:00","N.Y.C.",61761,23.86,1.12,-9.02
"02/05/2021 23:25:00","NORTH",61755,13.24,-0.47,0.00
"02/05/2021 23:25:00","NPX",61845,46.53,0.97,-31.85
"02/05/2021 23:25:00","O H",61846,14.14,-0.99,-1.42
"02/05/2021 23:25:00","PJM",61847,19.45,0.15,-5.59
"02/05/2021 23:25:00","WEST",61752,14.57,-0.67,-1.53
"02/05/2021 23:30:00","CAPITL",61757,27.12,1.04,-12.42
"02/05/2021 23:30:00","CENTRL",61754,15.29,0.10,-1.52
"02/05/2021 23:30:00","DUNWOD",61760,23.77,1.03,-9.08
"02/05/2021 23:30:00","GENESE",61753,14.49,-0.34,-1.17
"02/05/2021 23:30:00","H Q",61844,13.27,-0.40,0.00
"02/05/2021 23:30:00","HUD VL",61758,23.57,0.90,-9.00
"02/05/2021 23:30:00","LONGIL",61762,24.10,1.35,-9.08
"02/05/2021 23:30:00","MHK VL",61756,15.79,0.45,-1.67
"02/05/2021 23:30:00","MILLWD",61759,23.83,0.98,-9.18
"02/05/2021 23:30:00","N.Y.C.",61761,23.85,1.11,-9.08
"02/05/2021 23:30:00","NORTH",61755,13.23,-0.44,0.00
"02/05/2021 23:30:00","NPX",61845,46.55,0.97,-31.91
"02/05/2021 23:30:00","O H",61846,14.13,-0.97,-1.43
"02/05/2021 23:30:00","PJM",61847,19.42,0.12,-5.62
"02/05/2021 23:30:00","WEST",61752,14.53,-0.68,-1.54
"02/05/2021 23:35:00","CAPITL",61757,27.10,1.02,-12.42
"02/05/2021 23:35:00","CENTRL",61754,15.27,0.10,-1.52
"02/05/2021 23:35:00","DUNWOD",61760,23.76,1.02,-9.08
"02/05/2021 23:35:00","GENESE",61753,14.49,-0.33,-1.17
"02/05/2021 23:35:00","H Q",61844,13.24,-0.41,0.00
"02/05/2021 23:35:00","HUD VL",61758,23.55,0.90,-9.00
"02/05/2021 23:35:00","LONGIL",61762,24.09,1.35,-9.08
"02/05/2021 23:35:00","MHK VL",61756,15.75,0.42,-1.67
"02/05/2021 23:35:00","MILLWD",61759,23.82,0.98,-9.18
"02/05/2021 23:35:00","N.Y.C.",61761,23.84,1.11,-9.08
"02/05/2021 23:35:00","NORTH",61755,13.20,-0.45,0.00
"02/05/2021 23:35:00","NPX",61845,45.18,0.97,-30.56
"02/05/2021 23:35:00","O H",61846,14.13,-0.96,-1.43
"02/05/2021 23:35:00","PJM",61847,19.43,0.15,-5.63
"02/05/2021 23:35:00","WEST",61752,14.54,-0.66,-1.54
"02/05/2021 23:40:00","CAPITL",61757,27.06,1.04,-12.32
"02/05/2021 23:40:00","CENTRL",61754,15.30,0.10,-1.51
"02/05/2021 23:40:00","DUNWOD",61760,23.75,1.04,-9.01
"02/05/2021 23:40:00","GENESE",61753,14.50,-0.36,-1.16
"02/05/2021 23:40:00","H Q",61844,13.30,-0.40,0.00
"02/05/2021 23:40:00","HUD VL",61758,23.54,0.92,-8.93
"02/05/2021 23:40:00","LONGIL",61762,24.05,1.34,-9.01
"02/05/2021 23:40:00","MHK VL",61756,15.81,0.45,-1.66
"02/05/2021 23:40:00","MILLWD",61759,23.80,1.00,-9.11
"02/05/2021 23:40:00","N.Y.C.",61761,23.83,1.12,-9.01
"02/05/2021 23:40:00","NORTH",61755,13.26,-0.44,0.00
"02/05/2021 23:40:00","NPX",61845,45.14,0.97,-30.47
"02/05/2021 23:40:00","O H",61846,14.12,-1.00,-1.42
"02/05/2021 23:40:00","PJM",61847,19.41,0.14,-5.58
"02/05/2021 23:40:00","WEST",61752,14.53,-0.70,-1.53
"02/05/2021 23:45:00","CAPITL",61757,27.03,1.05,-12.21
"02/05/2021 23:45:00","CENTRL",61754,15.35,0.08,-1.50
"02/05/2021 23:45:00","DUNWOD",61760,23.75,1.05,-8.93
"02/05/2021 23:45:00","GENESE",61753,14.53,-0.39,-1.15
"02/05/2021 23:45:00","H Q",61844,13.37,-0.40,0.00
"02/05/2021 23:45:00","HUD VL",61758,23.54,0.92,-8.85
"02/05/2021 23:45:00","LONGIL",61762,24.03,1.34,-8.93
"02/05/2021 23:45:00","MHK VL",61756,15.86,0.44,-1.65
"02/05/2021 23:45:00","MILLWD",61759,23.79,0.99,-9.03
"02/05/2021 23:45:00","N.Y.C.",61761,23.83,1.13,-8.93
"02/05/2021 23:45:00","NORTH",61755,13.33,-0.44,0.00
"02/05/2021 23:45:00","NPX",61845,45.14,0.99,-30.38
"02/05/2021 23:45:00","O H",61846,14.13,-1.05,-1.41
"02/05/2021 23:45:00","PJM",61847,19.41,0.11,-5.53
"02/05/2021 23:45:00","WEST",61752,14.54,-0.74,-1.52
"02/05/2021 23:50:00","CAPITL",61757,25.47,1.06,-10.49
"02/05/2021 23:50:00","CENTRL",61754,15.31,0.10,-1.29
"02/05/2021 23:50:00","DUNWOD",61760,22.65,1.06,-7.67
"02/05/2021 23:50:00","GENESE",61753,14.55,-0.36,-0.99
"02/05/2021 23:50:00","H Q",61844,13.51,-0.42,0.00
"02/05/2021 23:50:00","HUD VL",61758,22.46,0.93,-7.60
"02/05/2021 23:50:00","LONGIL",61762,22.93,1.34,-7.67
"02/05/2021 23:50:00","MHK VL",61756,15.77,0.43,-1.41
"02/05/2021 23:50:00","MILLWD",61759,22.70,1.02,-7.76
"02/05/2021 23:50:00","N.Y.C.",61761,22.75,1.15,-7.67
"02/05/2021 23:50:00","NORTH",61755,13.46,-0.46,0.00
"02/05/2021 23:50:00","NPX",61845,41.29,1.00,-26.37
"02/05/2021 23:50:00","O H",61846,14.13,-1.00,-1.21
"02/05/2021 23:50:00","PJM",61847,18.80,0.13,-4.75
"02/05/2021 23:50:00","WEST",61752,14.52,-0.71,-1.30
"02/05/2021 23:55:00","CAPITL",61757,16.37,1.16,0.00
"02/05/2021 23:55:00","CENTRL",61754,15.34,0.12,0.00
"02/05/2021 23:55:00","DUNWOD",61760,16.37,1.16,0.00
"02/05/2021 23:55:00","GENESE",61753,14.82,-0.40,0.00
"02/05/2021 23:55:00","H Q",61844,14.76,-0.46,0.00
"02/05/2021 23:55:00","HUD VL",61758,16.24,1.02,0.00
"02/05/2021 23:55:00","LONGIL",61762,16.68,1.46,0.00
"02/05/2021 23:55:00","MHK VL",61756,15.67,0.46,0.00
"02/05/2021 23:55:00","MILLWD",61759,16.33,1.11,0.00
"02/05/2021 23:55:00","N.Y.C.",61761,16.47,1.25,0.00
"02/05/2021 23:55:00","NORTH",61755,14.70,-0.52,0.00
"02/05/2021 23:55:00","NPX",61845,33.64,1.10,-17.33
"02/05/2021 23:55:00","O H",61846,14.14,-1.08,0.00
"02/05/2021 23:55:00","PJM",61847,15.39,0.17,0.00
"02/05/2021 23:55:00","WEST",61752,14.47,-0.75,0.00
"02/06/2021 00:00:00","CAPITL",61757,26.55,1.15,-10.22
"02/06/2021 00:00:00","CENTRL",61754,16.52,0.09,-1.25
"02/06/2021 00:00:00","DUNWOD",61760,23.75,1.09,-7.48
"02/06/2021 00:00:00","GENESE",61753,15.67,-0.47,-0.96
"02/06/2021 00:00:00","H Q",61844,14.74,-0.44,0.00
"02/06/2021 00:00:00","HUD VL",61758,23.57,0.99,-7.41
"02/06/2021 00:00:00","LONGIL",61762,24.07,1.41,-7.48
"02/06/2021 00:00:00","MHK VL",61756,17.00,0.44,-1.38
"02/06/2021 00:00:00","MILLWD",61759,23.78,1.05,-7.56
"02/06/2021 00:00:00","N.Y.C.",61761,23.82,1.17,-7.48
"02/06/2021 00:00:00","NORTH",61755,14.71,-0.47,0.00
"02/06/2021 00:00:00","NPX",61845,42.37,1.06,-26.14
"02/06/2021 00:00:00","O H",61846,15.16,-1.20,-1.18
"02/06/2021 00:00:00","PJM",61847,19.91,0.11,-4.63
"02/06/2021 00:00:00","WEST",61752,15.58,-0.86,-1.27
